<?xml version="1.0"?>
<opencv_storage>
<images>
  "./pattern.png" "./image/0-20210202161650.png"
  "./image/1-20210202161650.png" "./image/2-20210202161650.png"
  "./image/3-20210202161650.png" "./image/4-20210202161650.png"
  "./image/5-20210202161650.png" "./image/6-20210202161650.png"
  "./image/7-20210202161650.png" "./image/8-20210202161650.png"
  "./image/9-20210202161650.png" "./image/10-20210202161650.png"
  "./image/11-20210202161650.png" "./image/12-20210202161650.png"
  "./image/13-20210202161650.png" "./image/14-20210202161650.png"
  "./image/0-20210202161655.png" "./image/1-20210202161655.png"
  "./image/2-20210202161655.png" "./image/3-20210202161655.png"
  "./image/4-20210202161655.png" "./image/5-20210202161655.png"
  "./image/6-20210202161655.png" "./image/7-20210202161655.png"
  "./image/8-20210202161655.png" "./image/9-20210202161655.png"
  "./image/10-20210202161655.png" "./image/11-20210202161655.png"
  "./image/12-20210202161655.png" "./image/13-20210202161655.png"
  "./image/14-20210202161655.png" "./image/0-20210202161659.png"
  "./image/1-20210202161659.png" "./image/2-20210202161659.png"
  "./image/3-20210202161659.png" "./image/4-20210202161659.png"
  "./image/5-20210202161659.png" "./image/6-20210202161659.png"
  "./image/7-20210202161659.png" "./image/8-20210202161659.png"
  "./image/9-20210202161659.png" "./image/10-20210202161659.png"
  "./image/11-20210202161659.png" "./image/12-20210202161659.png"
  "./image/13-20210202161659.png" "./image/14-20210202161659.png"
  "./image/0-20210202161705.png" "./image/1-20210202161705.png"
  "./image/2-20210202161705.png" "./image/3-20210202161705.png"
  "./image/4-20210202161705.png" "./image/5-20210202161705.png"
  "./image/6-20210202161705.png" "./image/7-20210202161705.png"
  "./image/8-20210202161705.png" "./image/9-20210202161705.png"
  "./image/10-20210202161705.png" "./image/11-20210202161705.png"
  "./image/12-20210202161705.png" "./image/13-20210202161705.png"
  "./image/14-20210202161705.png" "./image/0-20210202161709.png"
  "./image/1-20210202161709.png" "./image/2-20210202161709.png"
  "./image/3-20210202161709.png" "./image/4-20210202161709.png"
  "./image/5-20210202161709.png" "./image/6-20210202161709.png"
  "./image/7-20210202161709.png" "./image/8-20210202161709.png"
  "./image/9-20210202161709.png" "./image/10-20210202161709.png"
  "./image/11-20210202161709.png" "./image/12-20210202161709.png"
  "./image/13-20210202161709.png" "./image/14-20210202161709.png"
  "./image/0-20210202161714.png" "./image/1-20210202161714.png"
  "./image/2-20210202161714.png" "./image/3-20210202161714.png"
  "./image/4-20210202161714.png" "./image/5-20210202161714.png"
  "./image/6-20210202161714.png" "./image/7-20210202161714.png"
  "./image/8-20210202161714.png" "./image/9-20210202161714.png"
  "./image/10-20210202161714.png" "./image/11-20210202161714.png"
  "./image/12-20210202161714.png" "./image/13-20210202161714.png"
  "./image/14-20210202161714.png" "./image/0-20210202161719.png"
  "./image/1-20210202161719.png" "./image/2-20210202161719.png"
  "./image/3-20210202161719.png" "./image/4-20210202161719.png"
  "./image/5-20210202161719.png" "./image/6-20210202161719.png"
  "./image/7-20210202161719.png" "./image/8-20210202161719.png"
  "./image/9-20210202161719.png" "./image/10-20210202161719.png"
  "./image/11-20210202161719.png" "./image/12-20210202161719.png"
  "./image/13-20210202161719.png" "./image/14-20210202161719.png"
  "./image/0-20210202161725.png" "./image/1-20210202161725.png"
  "./image/2-20210202161725.png" "./image/3-20210202161725.png"
  "./image/4-20210202161725.png" "./image/5-20210202161725.png"
  "./image/6-20210202161725.png" "./image/7-20210202161725.png"
  "./image/8-20210202161725.png" "./image/9-20210202161725.png"
  "./image/10-20210202161725.png" "./image/11-20210202161725.png"
  "./image/12-20210202161725.png" "./image/13-20210202161725.png"
  "./image/14-20210202161725.png" "./image/0-20210202161731.png"
  "./image/1-20210202161731.png" "./image/2-20210202161731.png"
  "./image/3-20210202161731.png" "./image/4-20210202161731.png"
  "./image/5-20210202161731.png" "./image/6-20210202161731.png"
  "./image/7-20210202161731.png" "./image/8-20210202161731.png"
  "./image/9-20210202161731.png" "./image/10-20210202161731.png"
  "./image/11-20210202161731.png" "./image/12-20210202161731.png"
  "./image/13-20210202161731.png" "./image/14-20210202161731.png"
  "./image/0-20210202161740.png" "./image/1-20210202161740.png"
  "./image/2-20210202161740.png" "./image/3-20210202161740.png"
  "./image/4-20210202161740.png" "./image/5-20210202161740.png"
  "./image/6-20210202161740.png" "./image/7-20210202161740.png"
  "./image/8-20210202161740.png" "./image/9-20210202161740.png"
  "./image/10-20210202161740.png" "./image/11-20210202161740.png"
  "./image/12-20210202161740.png" "./image/13-20210202161740.png"
  "./image/14-20210202161740.png" "./image/0-20210202161744.png"
  "./image/1-20210202161744.png" "./image/2-20210202161744.png"
  "./image/3-20210202161744.png" "./image/4-20210202161744.png"
  "./image/5-20210202161744.png" "./image/6-20210202161744.png"
  "./image/7-20210202161744.png" "./image/8-20210202161744.png"
  "./image/9-20210202161744.png" "./image/10-20210202161744.png"
  "./image/11-20210202161744.png" "./image/12-20210202161744.png"
  "./image/13-20210202161744.png" "./image/14-20210202161744.png"
  "./image/0-20210202161749.png" "./image/1-20210202161749.png"
  "./image/2-20210202161749.png" "./image/3-20210202161749.png"
  "./image/4-20210202161749.png" "./image/5-20210202161749.png"
  "./image/6-20210202161749.png" "./image/7-20210202161749.png"
  "./image/8-20210202161749.png" "./image/9-20210202161749.png"
  "./image/10-20210202161749.png" "./image/11-20210202161749.png"
  "./image/12-20210202161749.png" "./image/13-20210202161749.png"
  "./image/14-20210202161749.png" "./image/0-20210202161755.png"
  "./image/1-20210202161755.png" "./image/2-20210202161755.png"
  "./image/3-20210202161755.png" "./image/4-20210202161755.png"
  "./image/5-20210202161755.png" "./image/6-20210202161755.png"
  "./image/7-20210202161755.png" "./image/8-20210202161755.png"
  "./image/9-20210202161755.png" "./image/10-20210202161755.png"
  "./image/11-20210202161755.png" "./image/12-20210202161755.png"
  "./image/13-20210202161755.png" "./image/14-20210202161755.png"
  "./image/0-20210202161757.png" "./image/1-20210202161757.png"
  "./image/2-20210202161757.png" "./image/3-20210202161757.png"
  "./image/4-20210202161757.png" "./image/5-20210202161757.png"
  "./image/6-20210202161757.png" "./image/7-20210202161757.png"
  "./image/8-20210202161757.png" "./image/9-20210202161757.png"
  "./image/10-20210202161757.png" "./image/11-20210202161757.png"
  "./image/12-20210202161757.png" "./image/13-20210202161757.png"
  "./image/14-20210202161757.png" "./image/0-20210202161811.png"
  "./image/1-20210202161811.png" "./image/2-20210202161811.png"
  "./image/3-20210202161811.png" "./image/4-20210202161811.png"
  "./image/5-20210202161811.png" "./image/6-20210202161811.png"
  "./image/7-20210202161811.png" "./image/8-20210202161811.png"
  "./image/9-20210202161811.png" "./image/10-20210202161811.png"
  "./image/11-20210202161811.png" "./image/12-20210202161811.png"
  "./image/13-20210202161811.png" "./image/14-20210202161811.png"
  "./image/0-20210202161814.png" "./image/1-20210202161814.png"
  "./image/2-20210202161814.png" "./image/3-20210202161814.png"
  "./image/4-20210202161814.png" "./image/5-20210202161814.png"
  "./image/6-20210202161814.png" "./image/7-20210202161814.png"
  "./image/8-20210202161814.png" "./image/9-20210202161814.png"
  "./image/10-20210202161814.png" "./image/11-20210202161814.png"
  "./image/12-20210202161814.png" "./image/13-20210202161814.png"
  "./image/14-20210202161814.png" "./image/0-20210202161817.png"
  "./image/1-20210202161817.png" "./image/2-20210202161817.png"
  "./image/3-20210202161817.png" "./image/4-20210202161817.png"
