<?xml version="1.0"?>
<opencv_storage>
<images>
  "./pattern.png" "./image/0-20210202182106.png"
  "./image/1-20210202182106.png" "./image/2-20210202182106.png"
  "./image/3-20210202182106.png" "./image/4-20210202182106.png"
  "./image/5-20210202182106.png" "./image/6-20210202182106.png"
  "./image/7-20210202182106.png" "./image/8-20210202182106.png"
  "./image/9-20210202182106.png" "./image/10-20210202182106.png"
  "./image/11-20210202182106.png" "./image/12-20210202182106.png"
  "./image/13-20210202182106.png" "./image/14-20210202182106.png"
  "./image/0-20210202182113.png" "./image/1-20210202182113.png"
  "./image/2-20210202182113.png" "./image/3-20210202182113.png"
  "./image/4-20210202182113.png" "./image/5-20210202182113.png"
  "./image/6-20210202182113.png" "./image/7-20210202182113.png"
  "./image/8-20210202182113.png" "./image/9-20210202182113.png"
  "./image/10-20210202182113.png" "./image/11-20210202182113.png"
  "./image/12-20210202182113.png" "./image/13-20210202182113.png"
  "./image/14-20210202182113.png" "./image/0-20210202182121.png"
  "./image/1-20210202182121.png" "./image/2-20210202182121.png"
  "./image/3-20210202182121.png" "./image/4-20210202182121.png"
  "./image/5-20210202182121.png" "./image/6-20210202182121.png"
  "./image/7-20210202182121.png" "./image/8-20210202182121.png"
  "./image/9-20210202182121.png" "./image/10-20210202182121.png"
  "./image/11-20210202182121.png" "./image/12-20210202182121.png"
  "./image/13-20210202182121.png" "./image/14-20210202182121.png"
  "./image/0-20210202182128.png" "./image/1-20210202182128.png"
  "./image/2-20210202182128.png" "./image/3-20210202182128.png"
  "./image/4-20210202182128.png" "./image/5-20210202182128.png"
  "./image/6-20210202182128.png" "./image/7-20210202182128.png"
  "./image/8-20210202182128.png" "./image/9-20210202182128.png"
  "./image/10-20210202182128.png" "./image/11-20210202182128.png"
  "./image/12-20210202182128.png" "./image/13-20210202182128.png"
  "./image/14-20210202182128.png" "./image/0-20210202182138.png"
  "./image/1-20210202182138.png" "./image/2-20210202182138.png"
  "./image/3-20210202182138.png" "./image/4-20210202182138.png"
  "./image/5-20210202182138.png" "./image/6-20210202182138.png"
  "./image/7-20210202182138.png" "./image/8-20210202182138.png"
  "./image/9-20210202182138.png" "./image/10-20210202182138.png"
  "./image/11-20210202182138.png" "./image/12-20210202182138.png"
  "./image/13-20210202182138.png" "./image/14-20210202182138.png"
  "./image/0-20210202182143.png" "./image/1-20210202182143.png"
  "./image/2-20210202182143.png" "./image/3-20210202182143.png"
  "./image/4-20210202182143.png" "./image/5-20210202182143.png"
  "./image/6-20210202182143.png" "./image/7-20210202182143.png"
  "./image/8-20210202182143.png" "./image/9-20210202182143.png"
  "./image/10-20210202182143.png" "./image/11-20210202182143.png"
  "./image/12-20210202182143.png" "./image/13-20210202182143.png"
  "./image/14-20210202182143.png" "./image/0-20210202182147.png"
  "./image/1-20210202182147.png" "./image/2-20210202182147.png"
  "./image/3-20210202182147.png" "./image/4-20210202182147.png"
  "./image/5-20210202182147.png" "./image/6-20210202182147.png"
  "./image/7-20210202182147.png" "./image/8-20210202182147.png"
  "./image/9-20210202182147.png" "./image/10-20210202182147.png"
  "./image/11-20210202182147.png" "./image/12-20210202182147.png"
  "./image/13-20210202182147.png" "./image/14-20210202182147.png"
  "./image/0-20210202182155.png" "./image/1-20210202182155.png"
  "./image/2-20210202182155.png" "./image/3-20210202182155.png"
  "./image/4-20210202182155.png" "./image/5-20210202182155.png"
  "./image/6-20210202182155.png" "./image/7-20210202182155.png"
  "./image/8-20210202182155.png" "./image/9-20210202182155.png"
  "./image/10-20210202182155.png" "./image/11-20210202182155.png"
  "./image/12-20210202182155.png" "./image/13-20210202182155.png"
  "./image/14-20210202182155.png" "./image/0-20210202182204.png"
  "./image/1-20210202182204.png" "./image/2-20210202182204.png"
  "./image/3-20210202182204.png" "./image/4-20210202182204.png"
  "./image/5-20210202182204.png" "./image/6-20210202182204.png"
  "./image/7-20210202182204.png" "./image/8-20210202182204.png"
  "./image/9-20210202182204.png" "./image/10-20210202182204.png"
  "./image/11-20210202182204.png" "./image/12-20210202182204.png"
  "./image/13-20210202182204.png" "./image/14-20210202182204.png"
  "./image/0-20210202182207.png" "./image/1-20210202182207.png"
  "./image/2-20210202182207.png" "./image/3-20210202182207.png"
  "./image/4-20210202182207.png" "./image/5-20210202182207.png"
  "./image/6-20210202182207.png" "./image/7-20210202182207.png"
  "./image/8-20210202182207.png" "./image/9-20210202182207.png"
  "./image/10-20210202182207.png" "./image/11-20210202182207.png"
  "./image/12-20210202182207.png" "./image/13-20210202182207.png"
  "./image/14-20210202182207.png" "./image/0-20210202182214.png"
  "./image/1-20210202182214.png" "./image/2-20210202182214.png"
  "./image/3-20210202182214.png" "./image/4-20210202182214.png"
  "./image/5-20210202182214.png" "./image/6-20210202182214.png"
  "./image/7-20210202182214.png" "./image/8-20210202182214.png"
  "./image/9-20210202182214.png" "./image/10-20210202182214.png"
  "./image/11-20210202182214.png" "./image/12-20210202182214.png"
  "./image/13-20210202182214.png" "./image/14-20210202182214.png"
  "./image/0-20210202182220.png" "./image/1-20210202182220.png"
  "./image/2-20210202182220.png" "./image/3-20210202182220.png"
  "./image/4-20210202182220.png" "./image/5-20210202182220.png"
  "./image/6-20210202182220.png" "./image/7-20210202182220.png"
  "./image/8-20210202182220.png" "./image/9-20210202182220.png"
  "./image/10-20210202182220.png" "./image/11-20210202182220.png"
  "./image/12-20210202182220.png" "./image/13-20210202182220.png"
  "./image/14-20210202182220.png" "./image/0-20210202182233.png"
  "./image/1-20210202182233.png" "./image/2-20210202182233.png"
  "./image/3-20210202182233.png" "./image/4-20210202182233.png"
  "./image/5-20210202182233.png" "./image/6-20210202182233.png"
  "./image/7-20210202182233.png" "./image/8-20210202182233.png"
  "./image/9-20210202182233.png" "./image/10-20210202182233.png"
  "./image/11-20210202182233.png" "./image/12-20210202182233.png"
  "./image/13-20210202182233.png" "./image/14-20210202182233.png"
  "./image/0-20210202182239.png" "./image/1-20210202182239.png"
  "./image/2-20210202182239.png" "./image/3-20210202182239.png"
  "./image/4-20210202182239.png" "./image/5-20210202182239.png"
  "./image/6-20210202182239.png" "./image/7-20210202182239.png"
  "./image/8-20210202182239.png" "./image/9-20210202182239.png"
  "./image/10-20210202182239.png" "./image/11-20210202182239.png"
  "./image/12-20210202182239.png" "./image/13-20210202182239.png"
  "./image/14-20210202182239.png" "./image/0-20210202182253.png"
  "./image/1-20210202182253.png" "./image/2-20210202182253.png"
  "./image/3-20210202182253.png" "./image/4-20210202182253.png"
  "./image/5-20210202182253.png" "./image/6-20210202182253.png"
  "./image/7-20210202182253.png" "./image/8-20210202182253.png"
  "./image/9-20210202182253.png" "./image/10-20210202182253.png"
  "./image/11-20210202182253.png" "./image/12-20210202182253.png"
  "./image/13-20210202182253.png" "./image/14-20210202182253.png"
  "./image/0-20210202182258.png" "./image/1-20210202182258.png"
  "./image/2-20210202182258.png" "./image/3-20210202182258.png"
  "./image/4-20210202182258.png" "./image/5-20210202182258.png"
  "./image/6-20210202182258.png" "./image/7-20210202182258.png"
  "./image/8-20210202182258.png" "./image/9-20210202182258.png"
  "./image/10-20210202182258.png" "./image/11-20210202182258.png"
  "./image/12-20210202182258.png" "./image/13-20210202182258.png"
  "./image/14-20210202182258.png" "./image/0-20210202182308.png"
  "./image/1-20210202182308.png" "./image/2-20210202182308.png"
  "./image/3-20210202182308.png" "./image/4-20210202182308.png"
