<?xml version="1.0"?>
<opencv_storage>
<nCameras>15</nCameras>
<camera_matrix_0 type_id="opencv-matrix">
  <rows>3</rows>
  <cols>3</cols>
  <dt>f</dt>
  <data>
    1.13923560e+03 0. 6.76043945e+02 0. 1.15537683e+03 4.69840515e+02 0.
    0. 1.</data></camera_matrix_0>
<camera_distortion_0 type_id="opencv-matrix">
  <rows>1</rows>
  <cols>5</cols>
  <dt>f</dt>
  <data>
    -8.33671242e-02 -5.17551601e-01 7.83736992e-04 3.91537556e-03
    7.50518799e-01</data></camera_distortion_0>
<camera_pose_0 type_id="opencv-matrix">
  <rows>4</rows>
  <cols>4</cols>
  <dt>f</dt>
  <data>
    1. 0. 0. 0. 0. 1. 0. 0. 0. 0. 1. 0. 0. 0. 0. 1.</data></camera_pose_0>
<camera_matrix_1 type_id="opencv-matrix">
  <rows>3</rows>
  <cols>3</cols>
  <dt>f</dt>
  <data>
    1.15877271e+03 0. 7.14046509e+02 0. 1.17350073e+03 4.68579987e+02 0.
    0. 1.</data></camera_matrix_1>
<camera_distortion_1 type_id="opencv-matrix">
  <rows>1</rows>
  <cols>5</cols>
  <dt>f</dt>
  <data>
    -2.29875028e-01 7.93855339e-02 -1.53122249e-03 5.03184041e-03
    2.00561131e-03</data></camera_distortion_1>
<camera_pose_1 type_id="opencv-matrix">
  <rows>4</rows>
  <cols>4</cols>
  <dt>f</dt>
  <data>
    7.65069723e-01 1.04858438e-02 -6.43862069e-01 -9.08354034e+01
    -2.13192329e-02 9.99731719e-01 -9.05111432e-03 -1.92003632e+00
    6.43594444e-01 2.06513796e-02 7.65088022e-01 -4.09575310e+01 0. 0.
    0. 1.</data></camera_pose_1>
<camera_matrix_2 type_id="opencv-matrix">
  <rows>3</rows>
  <cols>3</cols>
  <dt>f</dt>
  <data>
    1.18184180e+03 0. 7.48442261e+02 0. 1.19948779e+03 4.21553680e+02 0.
    0. 1.</data></camera_matrix_2>
<camera_distortion_2 type_id="opencv-matrix">
  <rows>1</rows>
  <cols>5</cols>
  <dt>f</dt>
  <data>
    -3.34834039e-01 3.83615464e-01 2.19090463e-04 -1.99024635e-03
    -3.03046435e-01</data></camera_distortion_2>
<camera_pose_2 type_id="opencv-matrix">
  <rows>4</rows>
  <cols>4</cols>
  <dt>f</dt>
  <data>
    1.02013916e-01 5.69168897e-03 -9.94766712e-01 -1.36909195e+02
    -1.23974241e-01 9.92260516e-01 -7.03628268e-03 2.41550756e+00
    9.87027645e-01 1.24043241e-01 1.01930000e-01 -1.23587837e+02 0. 0.
    0. 1.</data></camera_pose_2>
<camera_matrix_3 type_id="opencv-matrix">
  <rows>3</rows>
  <cols>3</cols>
  <dt>f</dt>
  <data>
    1.15901367e+03 0. 7.06249451e+02 0. 1.16596973e+03 4.04957367e+02 0.
    0. 1.</data></camera_matrix_3>
<camera_distortion_3 type_id="opencv-matrix">
  <rows>1</rows>
  <cols>5</cols>
  <dt>f</dt>
  <data>
    -1.99137270e-01 -4.28242199e-02 -1.42741646e-03 8.81230645e-03
    1.10515743e-01</data></camera_distortion_3>
<camera_pose_3 type_id="opencv-matrix">
  <rows>4</rows>
  <cols>4</cols>
  <dt>f</dt>
  <data>
    -5.42968690e-01 -3.40809971e-02 -8.39061081e-01 -1.25108086e+02
    -6.33549839e-02 9.97990966e-01 4.61520423e-04 3.01016808e-01
    8.37359607e-01 5.34092896e-02 -5.44037044e-01 -2.20063522e+02 0. 0.
    0. 1.</data></camera_pose_3>
<camera_matrix_4 type_id="opencv-matrix">
  <rows>3</rows>
  <cols>3</cols>
  <dt>f</dt>
  <data>
    1.14086145e+03 0. 7.01507690e+02 0. 1.15222876e+03 4.56612366e+02 0.
    0. 1.</data></camera_matrix_4>
<camera_distortion_4 type_id="opencv-matrix">
  <rows>1</rows>
  <cols>5</cols>
  <dt>f</dt>
  <data>
    -2.42589504e-01 6.00599349e-02 2.85113929e-03 3.82282282e-03
    2.09070612e-02</data></camera_distortion_4>
<camera_pose_4 type_id="opencv-matrix">
  <rows>4</rows>
  <cols>4</cols>
  <dt>f</dt>
  <data>
    -9.54272985e-01 -7.03223273e-02 -2.90547490e-01 -4.97619781e+01
    -9.38431546e-02 9.93274868e-01 6.78119287e-02 1.64082165e+01
    2.83824831e-01 9.19769853e-02 -9.54454660e-01 -2.97657410e+02 0. 0.
    0. 1.</data></camera_pose_4>
<camera_matrix_5 type_id="opencv-matrix">
  <rows>3</rows>
  <cols>3</cols>
  <dt>f</dt>
  <data>
    1.16941699e+03 0. 6.47919128e+02 0. 1.17689063e+03 4.82258514e+02 0.
    0. 1.</data></camera_matrix_5>
<camera_distortion_5 type_id="opencv-matrix">
  <rows>1</rows>
  <cols>5</cols>
  <dt>f</dt>
  <data>
    -2.31944576e-01 -2.85834707e-02 1.84798590e-03 2.64422176e-03
    2.32683346e-01</data></camera_distortion_5>
<camera_pose_5 type_id="opencv-matrix">
  <rows>4</rows>
  <cols>4</cols>
  <dt>f</dt>
  <data>
    9.97858942e-01 6.53573945e-02 -2.44566146e-03 6.85814440e-01
    -6.52803257e-02 9.97579098e-01 2.39682291e-02 -4.98237038e+01
    4.00624145e-03 -2.37572566e-02 9.99709725e-01 3.71450019e+00 0. 0.
    0. 1.</data></camera_pose_5>
<camera_matrix_6 type_id="opencv-matrix">
  <rows>3</rows>
  <cols>3</cols>
  <dt>f</dt>
  <data>
    1.14614673e+03 0. 6.55725159e+02 0. 1.15545496e+03 4.68581696e+02 0.
    0. 1.</data></camera_matrix_6>
<camera_distortion_6 type_id="opencv-matrix">
  <rows>1</rows>
  <cols>5</cols>
  <dt>f</dt>
  <data>
    -2.84653127e-01 1.98151112e-01 6.16207079e-04 2.20519680e-04
    -1.11565910e-01</data></camera_distortion_6>
<camera_pose_6 type_id="opencv-matrix">
  <rows>4</rows>
  <cols>4</cols>
  <dt>f</dt>
  <data>
    8.19238424e-01 7.40265846e-02 -5.68655014e-01 -9.17742157e+01
    -8.31842422e-02 9.96485174e-01 9.88063216e-03 -4.67508621e+01
    5.67387700e-01 3.92085388e-02 8.22516799e-01 -4.02806854e+01 0. 0.
    0. 1.</data></camera_pose_6>
<camera_matrix_7 type_id="opencv-matrix">
  <rows>3</rows>
  <cols>3</cols>
  <dt>f</dt>
  <data>
    1.13611279e+03 0. 7.67420959e+02 0. 1.14675342e+03 4.88238770e+02 0.
    0. 1.</data></camera_matrix_7>
<camera_distortion_7 type_id="opencv-matrix">
  <rows>1</rows>
  <cols>5</cols>
  <dt>f</dt>
  <data>
    -3.03622097e-01 1.90234601e-01 4.90592385e-04 -4.23966954e-03
    -9.65481848e-02</data></camera_distortion_7>
<camera_pose_7 type_id="opencv-matrix">
  <rows>4</rows>
  <cols>4</cols>
  <dt>f</dt>
  <data>
    1.28032804e-01 3.00569385e-02 -9.91314352e-01 -1.33737503e+02
    -1.26962751e-01 9.91813242e-01 1.36742415e-02 -4.36304932e+01
    9.83609736e-01 1.24109253e-01 1.30800739e-01 -1.29936371e+02 0. 0.
    0. 1.</data></camera_pose_7>
<camera_matrix_8 type_id="opencv-matrix">
  <rows>3</rows>
  <cols>3</cols>
  <dt>f</dt>
  <data>
    1.20598889e+03 0. 7.03742981e+02 0. 1.21064099e+03 4.96177399e+02 0.
    0. 1.</data></camera_matrix_8>
<camera_distortion_8 type_id="opencv-matrix">
  <rows>1</rows>
  <cols>5</cols>
  <dt>f</dt>
  <data>
    -2.65677810e-01 1.26878351e-01 -2.08919472e-03 5.55521017e-03
    -6.66000880e-04</data></camera_distortion_8>
<camera_pose_8 type_id="opencv-matrix">
  <rows>4</rows>
  <cols>4</cols>
  <dt>f</dt>
  <data>
    -5.32163680e-01 -1.50937159e-02 -8.46506953e-01 -1.28880920e+02
    -9.02876779e-02 9.95151162e-01 3.90159748e-02 -3.49520149e+01
    8.41813505e-01 9.71920267e-02 -5.30946076e-01 -2.08472488e+02 0. 0.
    0. 1.</data></camera_pose_8>
<camera_matrix_9 type_id="opencv-matrix">
  <rows>3</rows>
  <cols>3</cols>
  <dt>f</dt>
  <data>
    1.12368103e+03 0. 6.63590149e+02 0. 1.13525269e+03 4.51636108e+02 0.
    0. 1.</data></camera_matrix_9>
<camera_distortion_9 type_id="opencv-matrix">
  <rows>1</rows>
  <cols>5</cols>
  <dt>f</dt>
  <data>
    -2.73929089e-01 9.10955071e-02 8.17639753e-04 1.64721918e-03
    2.94912010e-02</data></camera_distortion_9>
<camera_pose_9 type_id="opencv-matrix">
  <rows>4</rows>
  <cols>4</cols>
  <dt>f</dt>
  <data>
    -9.41476047e-01 -4.41545695e-02 -3.34175497e-01 -5.79767570e+01
    -6.32238910e-02 9.96920228e-01 4.63983528e-02 -3.97876854e+01
    3.31097603e-01 6.48108125e-02 -9.41368103e-01 -3.05230164e+02 0. 0.
    0. 1.</data></camera_pose_9>
<camera_matrix_10 type_id="opencv-matrix">
  <rows>3</rows>
  <cols>3</cols>
  <dt>f</dt>
  <data>
    1.15849536e+03 0. 6.43940674e+02 0. 1.16393054e+03 4.83165955e+02 0.
    0. 1.</data></camera_matrix_10>
<camera_distortion_10 type_id="opencv-matrix">
  <rows>1</rows>
  <cols>5</cols>
  <dt>f</dt>
  <data>
    -3.23795170e-01 3.27554315e-01 9.36944329e-04 1.33497803e-03
    -2.50304401e-01</data></camera_distortion_10>
