<?xml version="1.0"?>
<opencv_storage>
<nCameras>15</nCameras>
<camera_matrix_0 type_id="opencv-matrix">
  <rows>3</rows>
  <cols>3</cols>
  <dt>f</dt>
  <data>
    1.16303113e+03 0. 6.95179810e+02 0. 1.17847241e+03 4.70443512e+02 0.
    0. 1.</data></camera_matrix_0>
<camera_distortion_0 type_id="opencv-matrix">
  <rows>1</rows>
  <cols>5</cols>
  <dt>f</dt>
  <data>
    -2.41878241e-01 1.55132161e-02 4.89800761e-04 5.66942792e-04
    1.74267024e-01</data></camera_distortion_0>
<camera_pose_0 type_id="opencv-matrix">
  <rows>4</rows>
  <cols>4</cols>
  <dt>f</dt>
  <data>
    1. 0. 0. 0. 0. 1. 0. 0. 0. 0. 1. 0. 0. 0. 0. 1.</data></camera_pose_0>
<camera_matrix_1 type_id="opencv-matrix">
  <rows>3</rows>
  <cols>3</cols>
  <dt>f</dt>
  <data>
    1.14486694e+03 0. 6.29909119e+02 0. 1.15564844e+03 4.75244476e+02 0.
    0. 1.</data></camera_matrix_1>
<camera_distortion_1 type_id="opencv-matrix">
  <rows>1</rows>
  <cols>5</cols>
  <dt>f</dt>
  <data>
    -3.47691238e-01 3.54074925e-01 1.20785611e-03 8.32844642e-04
    -2.45590076e-01</data></camera_distortion_1>
<camera_pose_1 type_id="opencv-matrix">
  <rows>4</rows>
  <cols>4</cols>
  <dt>f</dt>
  <data>
    8.18138242e-01 1.61928013e-02 -5.74793518e-01 -9.34841919e+01
    -2.69232728e-02 9.99585867e-01 -1.01616755e-02 -2.45657444e+00
    5.74390888e-01 2.37889793e-02 8.18235397e-01 -4.50768204e+01 0. 0.
    0. 1.</data></camera_pose_1>
<camera_matrix_2 type_id="opencv-matrix">
  <rows>3</rows>
  <cols>3</cols>
  <dt>f</dt>
  <data>
    1.10801514e+03 0. 6.47429321e+02 0. 1.12427539e+03 4.40337158e+02 0.
    0. 1.</data></camera_matrix_2>
<camera_distortion_2 type_id="opencv-matrix">
  <rows>1</rows>
  <cols>5</cols>
  <dt>f</dt>
  <data>
    -3.02877843e-01 2.22913772e-01 9.02522297e-05 2.59709923e-04
    -1.24155708e-01</data></camera_distortion_2>
<camera_pose_2 type_id="opencv-matrix">
  <rows>4</rows>
  <cols>4</cols>
  <dt>f</dt>
  <data>
    1.68908074e-01 1.15458108e-02 -9.85564172e-01 -1.29126419e+02
    -1.38289005e-01 9.90318000e-01 -1.20987594e-02 3.84244943e+00
    9.75882292e-01 1.38336256e-01 1.68869361e-01 -1.42659576e+02 0. 0.
    0. 1.</data></camera_pose_2>
<camera_matrix_3 type_id="opencv-matrix">
  <rows>3</rows>
  <cols>3</cols>
  <dt>f</dt>
  <data>
    1.14221680e+03 0. 6.10028015e+02 0. 1.15659436e+03 4.57374756e+02 0.
    0. 1.</data></camera_matrix_3>
<camera_distortion_3 type_id="opencv-matrix">
  <rows>1</rows>
  <cols>5</cols>
  <dt>f</dt>
  <data>
    -3.08359534e-01 2.32322797e-01 -4.85600263e-04 -5.83103392e-04
    -1.25605926e-01</data></camera_distortion_3>
<camera_pose_3 type_id="opencv-matrix">
  <rows>4</rows>
  <cols>4</cols>
  <dt>f</dt>
  <data>
    -5.12220442e-01 -2.96396669e-02 -8.58342409e-01 -1.06022697e+02
    -8.49255994e-02 9.96254325e-01 1.62778646e-02 6.28427744e-01
    8.54644895e-01 8.12330991e-02 -5.12818992e-01 -2.16288956e+02 0. 0.
    0. 1.</data></camera_pose_3>
<camera_matrix_4 type_id="opencv-matrix">
  <rows>3</rows>
  <cols>3</cols>
  <dt>f</dt>
  <data>
    1.06839978e+03 0. 6.56589111e+02 0. 1.08429993e+03 4.60160583e+02 0.
    0. 1.</data></camera_matrix_4>
<camera_distortion_4 type_id="opencv-matrix">
  <rows>1</rows>
  <cols>5</cols>
  <dt>f</dt>
  <data>
    -3.01238209e-01 2.91304260e-01 4.88866679e-03 9.86433588e-04
    -2.82539994e-01</data></camera_distortion_4>
<camera_pose_4 type_id="opencv-matrix">
  <rows>4</rows>
  <cols>4</cols>
  <dt>f</dt>
  <data>
    -9.66445863e-01 -6.87286928e-02 -2.47504979e-01 -1.50701370e+01
    -8.49000961e-02 9.94856119e-01 5.52562065e-02 6.29795456e+00
    2.42434159e-01 7.44153336e-02 -9.67309713e-01 -2.85808655e+02 0. 0.
    0. 1.</data></camera_pose_4>
<camera_matrix_5 type_id="opencv-matrix">
  <rows>3</rows>
  <cols>3</cols>
  <dt>f</dt>
  <data>
    1.16713196e+03 0. 6.71316895e+02 0. 1.18150488e+03 5.02735840e+02 0.
    0. 1.</data></camera_matrix_5>
<camera_distortion_5 type_id="opencv-matrix">
  <rows>1</rows>
  <cols>5</cols>
  <dt>f</dt>
  <data>
    -2.82137215e-01 1.06775470e-01 -3.30391835e-04 -6.05552748e-04
    1.82142437e-01</data></camera_distortion_5>
<camera_pose_5 type_id="opencv-matrix">
  <rows>4</rows>
  <cols>4</cols>
  <dt>f</dt>
  <data>
    9.97858584e-01 6.51068464e-02 -6.27717795e-03 6.25010729e-01
    -6.50956854e-02 9.97877061e-01 1.96651579e-03 -4.86671791e+01
    6.39188569e-03 -1.55368727e-03 9.99978364e-01 -2.17377853e+00 0. 0.
    0. 1.</data></camera_pose_5>
<camera_matrix_6 type_id="opencv-matrix">
  <rows>3</rows>
  <cols>3</cols>
  <dt>f</dt>
  <data>
    1.13726538e+03 0. 6.68147949e+02 0. 1.14992114e+03 4.48463531e+02 0.
    0. 1.</data></camera_matrix_6>
<camera_distortion_6 type_id="opencv-matrix">
  <rows>1</rows>
  <cols>5</cols>
  <dt>f</dt>
  <data>
    -3.85795981e-01 5.32828867e-01 8.10564205e-04 1.08283106e-03
    -4.66517299e-01</data></camera_distortion_6>
<camera_pose_6 type_id="opencv-matrix">
  <rows>4</rows>
  <cols>4</cols>
  <dt>f</dt>
  <data>
    8.20090115e-01 7.34794065e-02 -5.67497075e-01 -9.00967941e+01
    -7.42804706e-02 9.97000217e-01 2.17486639e-02 -4.66743736e+01
    5.67392766e-01 2.43180860e-02 8.23088109e-01 -4.83565865e+01 0. 0.
    0. 1.</data></camera_pose_6>
<camera_matrix_7 type_id="opencv-matrix">
  <rows>3</rows>
  <cols>3</cols>
  <dt>f</dt>
  <data>
    1.07522485e+03 0. 6.42466797e+02 0. 1.09117126e+03 4.90822388e+02 0.
    0. 1.</data></camera_matrix_7>
<camera_distortion_7 type_id="opencv-matrix">
  <rows>1</rows>
  <cols>5</cols>
  <dt>f</dt>
  <data>
    -2.81773746e-01 1.12668879e-01 -7.67725811e-04 -3.94328643e-04
    2.44916156e-02</data></camera_distortion_7>
<camera_pose_7 type_id="opencv-matrix">
  <rows>4</rows>
  <cols>4</cols>
  <dt>f</dt>
  <data>
    2.15110019e-01 3.85592282e-02 -9.75828290e-01 -1.30920898e+02
    -1.27073497e-01 9.91830289e-01 1.11796614e-02 -4.22857857e+01
    9.68287170e-01 1.21597059e-01 2.18252495e-01 -1.40971558e+02 0. 0.
    0. 1.</data></camera_pose_7>
<camera_matrix_8 type_id="opencv-matrix">
  <rows>3</rows>
  <cols>3</cols>
  <dt>f</dt>
  <data>
    1.12744397e+03 0. 6.55712891e+02 0. 1.14243701e+03 4.87246338e+02 0.
    0. 1.</data></camera_matrix_8>
<camera_distortion_8 type_id="opencv-matrix">
  <rows>1</rows>
  <cols>5</cols>
  <dt>f</dt>
  <data>
    -2.96352953e-01 1.85877591e-01 -1.03630614e-03 -1.71794940e-03
    -8.98686498e-02</data></camera_distortion_8>
<camera_pose_8 type_id="opencv-matrix">
  <rows>4</rows>
  <cols>4</cols>
  <dt>f</dt>
  <data>
    -5.38065374e-01 -1.89095773e-02 -8.42690945e-01 -9.95650711e+01
    -6.92719296e-02 9.97358501e-01 2.18504779e-02 -4.65285797e+01
    8.40051830e-01 7.01318160e-02 -5.37953973e-01 -2.25250000e+02 0. 0.
    0. 1.</data></camera_pose_8>
<camera_matrix_9 type_id="opencv-matrix">
  <rows>3</rows>
  <cols>3</cols>
  <dt>f</dt>
  <data>
    1.13703613e+03 0. 6.48421936e+02 0. 1.15358838e+03 4.69637939e+02 0.
    0. 1.</data></camera_matrix_9>
<camera_distortion_9 type_id="opencv-matrix">
  <rows>1</rows>
  <cols>5</cols>
  <dt>f</dt>
  <data>
    -3.13357234e-01 2.96342701e-01 1.40492048e-03 2.90137163e-04
    -2.48226926e-01</data></camera_distortion_9>
<camera_pose_9 type_id="opencv-matrix">
  <rows>4</rows>
  <cols>4</cols>
  <dt>f</dt>
  <data>
    -9.59718108e-01 -4.61726896e-02 -2.77144700e-01 -2.32983875e+01
    -6.14887923e-02 9.97008801e-01 4.68251109e-02 -4.30807495e+01
    2.74153650e-01 6.19801991e-02 -9.59686518e-01 -2.64806183e+02 0. 0.
    0. 1.</data></camera_pose_9>
<camera_matrix_10 type_id="opencv-matrix">
  <rows>3</rows>
  <cols>3</cols>
  <dt>f</dt>
  <data>
    1.18607593e+03 0. 6.66196106e+02 0. 1.20191565e+03 5.02838287e+02 0.
    0. 1.</data></camera_matrix_10>
<camera_distortion_10 type_id="opencv-matrix">
  <rows>1</rows>
  <cols>5</cols>
  <dt>f</dt>
  <data>
    -2.41595104e-01 -1.40195489e-02 1.66505750e-03 7.57827482e-04
    3.54391307e-01</data></camera_distortion_10>
<camera_pose_10 type_id="opencv-matrix">
  <rows>4</rows>
  <cols>4</cols>
  <dt>f</dt>
  <data>
    9.95859981e-01 8.93433020e-02 1.67549979e-02 -5.01560068e+00
    -8.90177265e-02 9.95843709e-01 -1.92644969e-02 -1.00375824e+02
    -1.84065122e-02 1.76932495e-02 9.99674022e-01 3.75457501e+00 0. 0.
    0. 1.</data></camera_pose_10>
<camera_matrix_11 type_id="opencv-matrix">
  <rows>3</rows>
  <cols>3</cols>
  <dt>f</dt>
  <data>
    1.14949817e+03 0. 6.52718689e+02 0. 1.16191870e+03 4.91402588e+02 0.
    0. 1.</data></camera_matrix_11>
<camera_distortion_11 type_id="opencv-matrix">
  <rows>1</rows>
  <cols>5</cols>
  <dt>f</dt>
  <data>
    -3.53668600e-01 4.19992268e-01 1.34449638e-03 -4.04086924e-04
    -3.36828023e-01</data></camera_distortion_11>
<camera_pose_11 type_id="opencv-matrix">
  <rows>4</rows>
  <cols>4</cols>
  <dt>f</dt>
  <data>
    8.17487299e-01 8.83603022e-02 -5.69128275e-01 -9.24661179e+01
    -7.92408362e-02 9.96019483e-01 4.08171751e-02 -9.33013382e+01
    5.70469499e-01 1.17306784e-02 8.21235001e-01 -4.25542183e+01 0. 0.
    0. 1.</data></camera_pose_11>
<camera_matrix_12 type_id="opencv-matrix">
  <rows>3</rows>
  <cols>3</cols>
  <dt>f</dt>
  <data>
    1.08375818e+03 0. 6.19894226e+02 0. 1.09876868e+03 5.24729065e+02 0.
    0. 1.</data></camera_matrix_12>
<camera_distortion_12 type_id="opencv-matrix">
  <rows>1</rows>
  <cols>5</cols>
  <dt>f</dt>
  <data>
    -2.97577947e-01 1.85153097e-01 -5.14915038e-04 1.31303983e-04
    -5.76461293e-02</data></camera_distortion_12>
<camera_pose_12 type_id="opencv-matrix">
  <rows>4</rows>
  <cols>4</cols>
  <dt>f</dt>
  <data>
    1.74529403e-01 5.35566285e-02 -9.83194351e-01 -1.28230392e+02
    -9.90614817e-02 9.94408607e-01 3.65828276e-02 -9.28945313e+01
    9.79656219e-01 9.10119116e-02 1.78858951e-01 -1.47629364e+02 0. 0.
    0. 1.</data></camera_pose_12>
<camera_matrix_13 type_id="opencv-matrix">
  <rows>3</rows>
  <cols>3</cols>
  <dt>f</dt>
  <data>
    1.10775916e+03 0. 6.47421570e+02 0. 1.12338892e+03 5.04683044e+02 0.
    0. 1.</data></camera_matrix_13>
<camera_distortion_13 type_id="opencv-matrix">
  <rows>1</rows>
  <cols>5</cols>
  <dt>f</dt>
  <data>
    -3.07342559e-01 2.49291718e-01 -1.17255491e-03 2.73312675e-04
    -1.60471827e-01</data></camera_distortion_13>
<camera_pose_13 type_id="opencv-matrix">
  <rows>4</rows>
  <cols>4</cols>
  <dt>f</dt>
  <data>
    -5.65504193e-01 9.77184903e-03 -8.24687541e-01 -8.99389572e+01
    -1.05331264e-01 9.90885735e-01 8.39688480e-02 -8.43758621e+01
    8.17991614e-01 1.34350121e-01 -5.59320807e-01 -2.33632767e+02 0. 0.
    0. 1.</data></camera_pose_13>
<camera_matrix_14 type_id="opencv-matrix">
  <rows>3</rows>
  <cols>3</cols>
  <dt>f</dt>
  <data>
    1.14282190e+03 0. 6.51292786e+02 0. 1.15678748e+03 4.96685120e+02 0.
    0. 1.</data></camera_matrix_14>
<camera_distortion_14 type_id="opencv-matrix">
  <rows>1</rows>
  <cols>5</cols>
  <dt>f</dt>
  <data>
    -3.09698850e-01 3.00457090e-01 2.13895482e-03 1.96501566e-03
    -3.26351941e-01</data></camera_distortion_14>
<camera_pose_14 type_id="opencv-matrix">
  <rows>4</rows>
  <cols>4</cols>
  <dt>f</dt>
  <data>
    -9.75508034e-01 -7.82424584e-02 -2.05577776e-01 -5.42307556e-01
    -9.13256556e-02 9.94305015e-01 5.49282804e-02 -9.54497910e+01
    2.00109288e-01 7.23575056e-02 -9.77098107e-01 -2.64370636e+02 0. 0.
    0. 1.</data></camera_pose_14>
<meanReprojectError>1.8383705615997314e+00</meanReprojectError>
<pose_timestamp_-1913933326 type_id="opencv-matrix">
  <rows>4</rows>
  <cols>4</cols>
  <dt>f</dt>
  <data>
    9.98673618e-01 5.12360968e-02 5.08708367e-03 -1.81497192e+02
    -5.05527705e-02 9.94481683e-01 -9.19274390e-02 -6.76874390e+01
    -9.76901501e-03 9.15483385e-02 9.95752692e-01 3.22354401e+02 0. 0.
    0. 1.</data></pose_timestamp_-1913933326>
<pose_timestamp_-1913933321 type_id="opencv-matrix">
  <rows>4</rows>
  <cols>4</cols>
  <dt>f</dt>
  <data>
    8.78057420e-01 -4.56652373e-01 -1.43121719e-01 -1.28784409e+02
    4.44319487e-01 8.89012873e-01 -1.10617831e-01 -1.12355743e+02
    1.77750945e-01 3.35370377e-02 9.83503878e-01 3.50150909e+02 0. 0. 0.
    1.</data></pose_timestamp_-1913933321>
<pose_timestamp_-1913933317 type_id="opencv-matrix">
  <rows>4</rows>
  <cols>4</cols>
  <dt>f</dt>
  <data>
    8.50654721e-01 4.35176224e-01 -2.94971555e-01 -2.21077026e+02
    -4.66966391e-01 8.83196115e-01 -4.36692350e-02 2.58428764e+01
    2.41513938e-01 1.74889237e-01 9.54507589e-01 3.16276093e+02 0. 0. 0.
    1.</data></pose_timestamp_-1913933317>
<pose_timestamp_-1913933271 type_id="opencv-matrix">
  <rows>4</rows>
  <cols>4</cols>
  <dt>f</dt>
  <data>
    7.90966928e-01 -3.04039195e-02 -6.11103058e-01 -1.54376160e+02
    -8.47024992e-02 9.83707070e-01 -1.58574596e-01 -5.79405174e+01
    6.05967700e-01 1.77189216e-01 7.75504410e-01 2.63144562e+02 0. 0. 0.
    1.</data></pose_timestamp_-1913933271>
<pose_timestamp_-1913933267 type_id="opencv-matrix">
  <rows>4</rows>
  <cols>4</cols>
  <dt>f</dt>
  <data>
    7.63459265e-01 -1.09326705e-01 6.36535645e-01 -8.12033615e+01
    6.17989078e-02 9.93412614e-01 9.64998305e-02 -8.88627548e+01
    -6.42892599e-01 -3.43364812e-02 7.65186369e-01 4.59949127e+02 0. 0.
    0. 1.</data></pose_timestamp_-1913933267>
<pose_timestamp_-1913933262 type_id="opencv-matrix">
  <rows>4</rows>
  <cols>4</cols>
  <dt>f</dt>
  <data>
    9.57893968e-01 -1.07226282e-01 -2.66348809e-01 -1.68787766e+02
    -7.18248934e-02 8.08668852e-01 -5.83862901e-01 -9.16481781e+01
    2.77993441e-01 5.78409195e-01 7.66917467e-01 2.76441254e+02 0. 0. 0.
    1.</data></pose_timestamp_-1913933262>
<pose_timestamp_-1913933257 type_id="opencv-matrix">
  <rows>4</rows>
  <cols>4</cols>
  <dt>f</dt>
  <data>
    9.76413012e-01 1.01153471e-01 -1.90750256e-01 -1.77945663e+02
    6.04508966e-02 7.20056713e-01 6.91277087e-01 6.84899521e+01
    2.07276076e-01 -6.86502934e-01 6.96957946e-01 4.80355072e+02 0. 0.
    0. 1.</data></pose_timestamp_-1913933257>
<pose_timestamp_-1913933251 type_id="opencv-matrix">
  <rows>4</rows>
  <cols>4</cols>
  <dt>f</dt>
  <data>
    8.28692555e-01 -4.49704736e-01 3.33218157e-01 -7.31477814e+01
    1.40760452e-01 7.43662119e-01 6.53569520e-01 1.76406574e+01
    -5.41715026e-01 -4.94704247e-01 6.79567873e-01 5.80088623e+02 0. 0.
    0. 1.</data></pose_timestamp_-1913933251>
<pose_timestamp_-1913933245 type_id="opencv-matrix">
  <rows>4</rows>
  <cols>4</cols>
  <dt>f</dt>
  <data>
    6.90065384e-01 3.69846851e-01 -6.22111797e-01 -1.91491379e+02
    -1.27173275e-01 9.08160031e-01 3.98838699e-01 -1.63069761e+00
    7.12486327e-01 -1.96108773e-01 6.73724413e-01 2.94772919e+02 0. 0.
    0. 1.</data></pose_timestamp_-1913933245>
<pose_timestamp_-1913933236 type_id="opencv-matrix">
  <rows>4</rows>
  <cols>4</cols>
  <dt>f</dt>
  <data>
    7.41770625e-01 4.05739427e-01 -5.33996105e-01 -2.21221069e+02
    -4.71371382e-01 8.81803274e-01 1.52302776e-02 3.04370384e+01
    4.77059036e-01 2.40413100e-01 8.45349729e-01 3.21548370e+02 0. 0. 0.
    1.</data></pose_timestamp_-1913933236>
<pose_timestamp_-1913933232 type_id="opencv-matrix">
  <rows>4</rows>
  <cols>4</cols>
  <dt>f</dt>
  <data>
    6.91944778e-01 -7.07679749e-01 -1.42834961e-01 4.28493843e+01
    6.79845452e-01 7.05287576e-01 -2.00946733e-01 -1.23150284e+02
    2.42945656e-01 4.19383496e-02 9.69132900e-01 3.36654907e+02 0. 0. 0.
    1.</data></pose_timestamp_-1913933232>
<pose_timestamp_-1913933221 type_id="opencv-matrix">
  <rows>4</rows>
  <cols>4</cols>
  <dt>f</dt>
  <data>
    9.80183363e-01 7.31844306e-02 1.84077710e-01 -2.30418835e+01
    -6.55374527e-02 9.96728599e-01 -4.72968407e-02 -5.49321861e+01
    -1.86936900e-01 3.42955925e-02 9.81773078e-01 5.00324646e+02 0. 0.
    0. 1.</data></pose_timestamp_-1913933221>
<pose_timestamp_-1913933165 type_id="opencv-matrix">
  <rows>4</rows>
  <cols>4</cols>
  <dt>f</dt>
  <data>
    9.84823585e-01 2.62360610e-02 1.71563983e-01 6.46252365e+01
    -1.57937687e-02 9.97954309e-01 -6.19495697e-02 -1.86122208e+02
    -1.72838315e-01 5.82997538e-02 9.83223319e-01 4.39700470e+02 0. 0.
    0. 1.</data></pose_timestamp_-1913933165>
<pose_timestamp_-1913933162 type_id="opencv-matrix">
  <rows>4</rows>
  <cols>4</cols>
  <dt>f</dt>
  <data>
    9.92714942e-01 1.16565470e-02 1.19921699e-01 5.50033722e+01
    -3.33832763e-03 9.97588038e-01 -6.93321079e-02 -5.43139992e+01
    -1.20440625e-01 6.84266835e-02 9.90359426e-01 4.76289795e+02 0. 0.
    0. 1.</data></pose_timestamp_-1913933162>
<pose_timestamp_-1913933156 type_id="opencv-matrix">
  <rows>4</rows>
  <cols>4</cols>
  <dt>f</dt>
  <data>
    7.27126181e-01 -6.47429466e-01 2.28303879e-01 1.49770660e+02
    6.55658782e-01 7.53493905e-01 4.85645793e-02 -2.18155029e+02
    -2.03467712e-01 1.14376865e-01 9.72377896e-01 4.41193359e+02 0. 0.
    0. 1.</data></pose_timestamp_-1913933156>
<pose_timestamp_-1913933154 type_id="opencv-matrix">
  <rows>4</rows>
  <cols>4</cols>
  <dt>f</dt>
  <data>
    6.89743817e-01 -6.89398944e-01 2.21320033e-01 1.40881378e+02
    7.22458541e-01 6.75562084e-01 -1.47205681e-01 -8.98151779e+01
    -4.80319858e-02 2.61428773e-01 9.64026928e-01 3.85846649e+02 0. 0.
    0. 1.</data></pose_timestamp_-1913933154>
<pose_timestamp_-1913933145 type_id="opencv-matrix">
  <rows>4</rows>
  <cols>4</cols>
  <dt>f</dt>
  <data>
    8.38490546e-01 5.10485649e-01 1.90625459e-01 1.00512533e+01
    -5.35692930e-01 8.36305976e-01 1.16727889e-01 -6.45810852e+01
    -9.98333022e-02 -1.99991941e-01 9.74698186e-01 4.38704865e+02 0. 0.
    0. 1.</data></pose_timestamp_-1913933145>
<pose_timestamp_-1913933143 type_id="opencv-matrix">
  <rows>4</rows>
  <cols>4</cols>
  <dt>f</dt>
  <data>
    8.24003637e-01 5.27777851e-01 2.06079051e-01 -1.14003172e+01
    -5.49742222e-01 8.32772970e-01 6.53655007e-02 5.25634613e+01
    -1.37118593e-01 -1.67151764e-01 9.76349711e-01 4.49937927e+02 0. 0.
    0. 1.</data></pose_timestamp_-1913933143>
<pose_timestamp_-1913933137 type_id="opencv-matrix">
  <rows>4</rows>
  <cols>4</cols>
  <dt>f</dt>
  <data>
    9.85335112e-01 -4.48512472e-02 1.64630309e-01 -4.46530533e+00
    3.92678604e-02 9.98542905e-01 3.70156057e-02 -1.36759262e+02
    -1.66050628e-01 -3.00080962e-02 9.85660553e-01 2.58015991e+02 0. 0.
    0. 1.</data></pose_timestamp_-1913933137>
<pose_timestamp_-1913933135 type_id="opencv-matrix">
  <rows>4</rows>
  <cols>4</cols>
  <dt>f</dt>
  <data>
    9.84915078e-01 -1.87096503e-02 1.72023937e-01 -1.96786308e+01
    2.28736904e-02 9.99490619e-01 -2.22557615e-02 -5.73840141e+01
    -1.71519905e-01 2.58548558e-02 9.84841347e-01 2.71342621e+02 0. 0.
    0. 1.</data></pose_timestamp_-1913933135>
<pose_timestamp_-1913933075 type_id="opencv-matrix">
  <rows>4</rows>
  <cols>4</cols>
  <dt>f</dt>
  <data>
    9.13002431e-01 -1.92545876e-02 -4.07499433e-01 4.23900909e+01
    -4.48852926e-02 9.88079906e-01 -1.47252858e-01 -1.06451462e+02
    4.05477285e-01 1.52732939e-01 9.01255131e-01 2.35550247e+02 0. 0. 0.
    1.</data></pose_timestamp_-1913933075>
<pose_timestamp_-1913933073 type_id="opencv-matrix">
  <rows>4</rows>
  <cols>4</cols>
  <dt>f</dt>
  <data>
    9.36632454e-01 -3.51628615e-03 -3.50295961e-01 6.52315092e+00
    -7.99563229e-02 9.71409559e-01 -2.23540813e-01 -4.39997902e+01
    3.41066897e-01 2.37383947e-01 9.09572542e-01 2.27383606e+02 0. 0. 0.
    1.</data></pose_timestamp_-1913933073>
<pose_timestamp_-1913933051 type_id="opencv-matrix">
  <rows>4</rows>
  <cols>4</cols>
  <dt>f</dt>
  <data>
    9.81727183e-01 -1.21473528e-01 1.46478370e-01 2.49974327e+01
    3.42026018e-02 8.69850397e-01 4.92128491e-01 -1.88817844e+01
    -1.87194854e-01 -4.78125989e-01 8.58110487e-01 4.23777527e+02 0. 0.
    0. 1.</data></pose_timestamp_-1913933051>
<pose_timestamp_-1913933048 type_id="opencv-matrix">
  <rows>4</rows>
  <cols>4</cols>
  <dt>f</dt>
  <data>
    9.85628068e-01 -6.43190295e-02 1.56206131e-01 -3.77527618e+00
    -1.15365852e-02 8.96893561e-01 4.42095965e-01 5.29753151e+01
    -1.68535456e-01 -4.37544286e-01 8.83261442e-01 4.19042725e+02 0. 0.
    0. 1.</data></pose_timestamp_-1913933048>
<pose_timestamp_-1913931852 type_id="opencv-matrix">
  <rows>4</rows>
  <cols>4</cols>
  <dt>f</dt>
  <data>
    9.65465784e-01 9.25458297e-02 2.43538737e-01 -2.50354202e+02
    -7.92013779e-02 9.94798958e-01 -6.40484244e-02 -1.47142242e+02
    -2.48199493e-01 4.25479561e-02 9.67774093e-01 4.74569244e+02 0. 0.
    0. 1.</data></pose_timestamp_-1913931852>
<pose_timestamp_-1913931851 type_id="opencv-matrix">
  <rows>4</rows>
  <cols>4</cols>
  <dt>f</dt>
  <data>
    9.59111869e-01 5.11846319e-02 2.78360397e-01 -1.88460510e+02
    -2.01922860e-02 9.93379831e-01 -1.13087632e-01 -1.29917343e+02
    -2.82305956e-01 1.02842957e-01 9.53795910e-01 4.77805695e+02 0. 0.
    0. 1.</data></pose_timestamp_-1913931851>
<pose_timestamp_-1913931849 type_id="opencv-matrix">
  <rows>4</rows>
  <cols>4</cols>
  <dt>f</dt>
  <data>
    9.70852613e-01 3.23122442e-02 2.37489223e-01 -1.84644592e+02
    -1.08659388e-02 9.95785713e-01 -9.10645351e-02 -1.50634033e+02
    -2.39430875e-01 8.58296975e-02 9.67112243e-01 4.75113678e+02 0. 0.
    0. 1.</data></pose_timestamp_-1913931849>
<pose_timestamp_-1913931846 type_id="opencv-matrix">
  <rows>4</rows>
  <cols>4</cols>
  <dt>f</dt>
  <data>
    9.61215734e-01 -2.08491813e-02 2.75008470e-01 -1.25135788e+02
    4.08918001e-02 9.96891201e-01 -6.73487484e-02 -8.18276520e+01
    -2.72749335e-01 7.59822652e-02 9.59080040e-01 4.84340790e+02 0. 0.
    0. 1.</data></pose_timestamp_-1913931846>
<pose_timestamp_-1913931842 type_id="opencv-matrix">
  <rows>4</rows>
  <cols>4</cols>
  <dt>f</dt>
  <data>
    9.81520891e-01 1.07064769e-01 1.58599854e-01 -2.84632202e+02
    -8.67665708e-02 9.87734795e-01 -1.29813448e-01 1.16274633e+01
    -1.70553043e-01 1.13653444e-01 9.78771985e-01 4.39495514e+02 0. 0.
    0. 1.</data></pose_timestamp_-1913931842>
<pose_timestamp_-1913931838 type_id="opencv-matrix">
  <rows>4</rows>
  <cols>4</cols>
  <dt>f</dt>
  <data>
    9.96921122e-01 -6.33609761e-03 7.81544298e-02 -7.80394197e-01
    8.85616429e-03 9.99450564e-01 -3.19403671e-02 2.54694481e+01
    -7.79091120e-02 3.25341746e-02 9.96429503e-01 4.53139587e+02 0. 0.
    0. 1.</data></pose_timestamp_-1913931838>
<pose_timestamp_-1913931837 type_id="opencv-matrix">
  <rows>4</rows>
  <cols>4</cols>
  <dt>f</dt>
  <data>
    9.96489704e-01 7.11054169e-03 8.34126174e-02 -1.73709154e+00
    -3.58855608e-03 9.99098599e-01 -4.22978327e-02 2.66175632e+01
    -8.36381912e-02 4.18500230e-02 9.95617032e-01 4.59349457e+02 0. 0.
    0. 1.</data></pose_timestamp_-1913931837>
<pose_timestamp_-1913931834 type_id="opencv-matrix">
  <rows>4</rows>
  <cols>4</cols>
  <dt>f</dt>
  <data>
    9.94006991e-01 8.24398771e-02 7.17900991e-02 -2.22723389e+01
    -6.48341849e-02 9.73335922e-01 -2.20031142e-01 -1.71108307e+02
    -8.80152211e-02 2.14058042e-01 9.72847641e-01 3.79191040e+02 0. 0.
    0. 1.</data></pose_timestamp_-1913931834>
<pose_timestamp_-1913931830 type_id="opencv-matrix">
  <rows>4</rows>
  <cols>4</cols>
  <dt>f</dt>
  <data>
    7.59672403e-01 5.91130555e-01 2.71039575e-01 -2.10738281e+02
    -6.19034171e-01 7.85030007e-01 2.29043551e-02 7.78155518e+01
    -1.99234724e-01 -1.85182571e-01 9.62295651e-01 6.45831848e+02 0. 0.
    0. 1.</data></pose_timestamp_-1913931830>
<pose_timestamp_-1913931827 type_id="opencv-matrix">
  <rows>4</rows>
  <cols>4</cols>
  <dt>f</dt>
  <data>
    8.05836082e-01 -4.91126359e-01 3.30791593e-01 -5.44545631e+01
    5.48043549e-01 8.30136359e-01 -1.02576435e-01 -1.13462952e+02
    -2.24224135e-01 2.63947994e-01 9.38112438e-01 5.61939880e+02 0. 0.
    0. 1.</data></pose_timestamp_-1913931827>
<pose_timestamp_-1913933124 type_id="opencv-matrix">
  <rows>4</rows>
  <cols>4</cols>
  <dt>f</dt>
  <data>
    5.66497266e-01 -8.53284895e-02 8.19634020e-01 1.01153732e+02
    -1.87084470e-02 9.93036628e-01 1.16311185e-01 -1.05986557e+02
    -8.23851228e-01 -8.12240466e-02 5.60956180e-01 4.80429565e+02 0. 0.
    0. 1.</data></pose_timestamp_-1913933124>
<pose_timestamp_-1913933121 type_id="opencv-matrix">
  <rows>4</rows>
  <cols>4</cols>
  <dt>f</dt>
  <data>
    5.72715223e-01 -1.20376229e-01 8.10867965e-01 1.06169083e+02
    2.15578023e-02 9.91029203e-01 1.31895557e-01 -3.66224937e+01
    -8.19470882e-01 -5.80580570e-02 5.70172548e-01 4.95872223e+02 0. 0.
    0. 1.</data></pose_timestamp_-1913933121>
<pose_timestamp_-1913933029 type_id="opencv-matrix">
  <rows>4</rows>
  <cols>4</cols>
  <dt>f</dt>
  <data>
    8.60708356e-01 -6.51166886e-02 5.04916728e-01 1.77231888e+02
    2.05382016e-02 9.95420158e-01 9.33640301e-02 -1.04520592e+02
    -5.08683860e-01 -6.99891225e-02 8.58103871e-01 3.89121246e+02 0. 0.
    0. 1.</data></pose_timestamp_-1913933029>
<pose_timestamp_-1913933027 type_id="opencv-matrix">
  <rows>4</rows>
  <cols>4</cols>
  <dt>f</dt>
  <data>
    8.42658699e-01 -7.69378841e-02 5.32922983e-01 1.63818970e+02
    4.24330793e-02 9.96149421e-01 7.67184496e-02 -1.45348835e+01
    -5.36773503e-01 -4.20339070e-02 8.42678666e-01 3.76303680e+02 0. 0.
    0. 1.</data></pose_timestamp_-1913933027>
<pose_timestamp_-1913933024 type_id="opencv-matrix">
  <rows>4</rows>
  <cols>4</cols>
  <dt>f</dt>
  <data>
    8.27742100e-01 -6.91963881e-02 5.56825697e-01 1.52175354e+02
    5.31432554e-02 9.97573853e-01 4.49684709e-02 3.27520218e+01
    -5.58586419e-01 -7.63076777e-03 8.29411268e-01 3.78475891e+02 0. 0.
    0. 1.</data></pose_timestamp_-1913933024>
<pose_timestamp_-1913933019 type_id="opencv-matrix">
  <rows>4</rows>
  <cols>4</cols>
  <dt>f</dt>
  <data>
    7.06175804e-01 4.63661969e-01 5.35101235e-01 1.93933578e+02
    -6.27281904e-01 7.60210037e-01 1.69109732e-01 1.91999073e+01
    -3.28379571e-01 -4.55080539e-01 8.27688694e-01 4.48668823e+02 0. 0.
    0. 1.</data></pose_timestamp_-1913933019>
<pose_timestamp_-1913932975 type_id="opencv-matrix">
  <rows>4</rows>
  <cols>4</cols>
  <dt>f</dt>
  <data>
    5.62251568e-01 -6.43570483e-01 5.19317031e-01 3.23772491e+02
    7.70169199e-01 6.36222124e-01 -4.53962609e-02 -8.29128571e+01
    -3.01185310e-01 4.25486118e-01 8.53375077e-01 3.64037323e+02 0. 0.
    0. 1.</data></pose_timestamp_-1913932975>
<pose_timestamp_-1913932971 type_id="opencv-matrix">
  <rows>4</rows>
  <cols>4</cols>
  <dt>f</dt>
  <data>
    9.03640151e-01 2.06302449e-01 3.75331491e-01 1.35756302e+02
    3.38205658e-02 8.39235723e-01 -5.42714953e-01 -4.39961090e+01
    -4.26955044e-01 5.03112972e-01 7.51389861e-01 3.05710571e+02 0. 0.
    0. 1.</data></pose_timestamp_-1913932971>
<pose_timestamp_-1913932968 type_id="opencv-matrix">
  <rows>4</rows>
  <cols>4</cols>
  <dt>f</dt>
  <data>
    8.77662718e-01 -2.49692500e-01 4.09098834e-01 2.35741486e+02
    -4.39007021e-02 8.08101296e-01 5.87405384e-01 7.54436951e+01
    -4.77263987e-01 -5.33503473e-01 6.98278666e-01 4.80929565e+02 0. 0.
    0. 1.</data></pose_timestamp_-1913932968>
<pose_timestamp_-1913932964 type_id="opencv-matrix">
  <rows>4</rows>
  <cols>4</cols>
  <dt>f</dt>
  <data>
    2.47687131e-01 -2.29246132e-02 9.68568802e-01 3.01268921e+02
    5.31412140e-02 9.98536468e-01 1.00443754e-02 -3.26498680e+01
    -9.67381597e-01 4.89830598e-02 2.48542875e-01 4.47562866e+02 0. 0.
    0. 1.</data></pose_timestamp_-1913932964>
<pose_timestamp_-1913932960 type_id="opencv-matrix">
  <rows>4</rows>
  <cols>4</cols>
  <dt>f</dt>
  <data>
    9.61126149e-01 6.91826046e-02 -2.67301857e-01 1.45377930e+02
    -8.34568739e-02 9.95608926e-01 -4.24006209e-02 -2.38510227e+01
    2.63194740e-01 6.30605221e-02 9.62679565e-01 2.46961700e+02 0. 0. 0.
    1.</data></pose_timestamp_-1913932960>
<pose_timestamp_-1913932956 type_id="opencv-matrix">
  <rows>4</rows>
  <cols>4</cols>
  <dt>f</dt>
  <data>
    7.73992121e-01 -6.21199608e-01 1.22667290e-01 2.89598297e+02
    6.30404830e-01 7.74150252e-01 -5.72813079e-02 -9.64179840e+01
    -5.93797863e-02 1.21665336e-01 9.90793407e-01 4.07649689e+02 0. 0.
    0. 1.</data></pose_timestamp_-1913932956>
<pose_timestamp_-1913932952 type_id="opencv-matrix">
  <rows>4</rows>
  <cols>4</cols>
  <dt>f</dt>
  <data>
    7.58768201e-01 4.98597354e-01 4.19131815e-01 1.77860580e+02
    -6.50133967e-01 5.40247142e-01 5.34283459e-01 1.34926224e+02
    3.99575569e-02 -6.77889168e-01 7.34077454e-01 3.93828552e+02 0. 0.
    0. 1.</data></pose_timestamp_-1913932952>
<pose_timestamp_-1913932949 type_id="opencv-matrix">
  <rows>4</rows>
  <cols>4</cols>
  <dt>f</dt>
  <data>
    2.49015838e-01 -5.30315101e-01 8.10405433e-01 3.84997284e+02
    7.28119239e-02 8.44646931e-01 5.30348957e-01 3.09782791e+01
    -9.65758502e-01 -7.30581135e-02 2.48943716e-01 4.48352295e+02 0. 0.
    0. 1.</data></pose_timestamp_-1913932949>
<pose_timestamp_-1913932945 type_id="opencv-matrix">
  <rows>4</rows>
  <cols>4</cols>
  <dt>f</dt>
  <data>
    5.40364385e-01 2.06921980e-01 8.15591574e-01 2.22391739e+02
    2.52771944e-01 8.84600937e-01 -3.91902447e-01 -7.87085419e+01
    -8.02566290e-01 4.17928815e-01 4.25702780e-01 3.76795258e+02 0. 0.
    0. 1.</data></pose_timestamp_-1913932945>
<pose_timestamp_-1913932941 type_id="opencv-matrix">
  <rows>4</rows>
  <cols>4</cols>
  <dt>f</dt>
  <data>
    9.74053621e-01 -3.68511751e-02 -2.23297015e-01 1.51969818e+02
    2.81887483e-02 9.98725832e-01 -4.18584533e-02 -4.47730217e+01
    2.24555030e-01 3.44779156e-02 9.73851264e-01 2.49759872e+02 0. 0. 0.
    1.</data></pose_timestamp_-1913932941>
<pose_timestamp_-1913932937 type_id="opencv-matrix">
  <rows>4</rows>
  <cols>4</cols>
  <dt>f</dt>
  <data>
    1.14483334e-01 -2.34878018e-01 9.65259492e-01 3.67736542e+02
    7.33276382e-02 9.70995307e-01 2.27576792e-01 -1.83622665e+01
    -9.90715206e-01 4.47264500e-02 1.28385827e-01 4.44943787e+02 0. 0.
    0. 1.</data></pose_timestamp_-1913932937>
<pose_timestamp_-1913932930 type_id="opencv-matrix">
  <rows>4</rows>
  <cols>4</cols>
  <dt>f</dt>
  <data>
    8.31382632e-01 5.42720914e-01 -1.19402304e-01 1.31713211e+02
    -4.38487768e-01 7.72691965e-01 4.58994120e-01 8.75554199e+01
    3.41366887e-01 -3.29243302e-01 8.80379200e-01 3.12090332e+02 0. 0.
    0. 1.</data></pose_timestamp_-1913932930>
<pose_timestamp_-1913932924 type_id="opencv-matrix">
  <rows>4</rows>
  <cols>4</cols>
  <dt>f</dt>
  <data>
    1.31279945e-01 -5.92659712e-01 7.94682384e-01 4.43969299e+02
    7.91509449e-02 8.05327237e-01 5.87522864e-01 1.88730450e+01
    -9.88180518e-01 -1.42301163e-02 1.52632892e-01 4.82820648e+02 0. 0.
    0. 1.</data></pose_timestamp_-1913932924>
<pose_timestamp_-1913932920 type_id="opencv-matrix">
  <rows>4</rows>
  <cols>4</cols>
  <dt>f</dt>
  <data>
    2.02860713e-01 -2.89118081e-01 9.35552359e-01 3.80899078e+02
    8.08785483e-02 9.57100451e-01 2.78239846e-01 -1.10764488e+02
    -9.75861788e-01 1.92221794e-02 2.17541531e-01 4.38371887e+02 0. 0.
    0. 1.</data></pose_timestamp_-1913932920>
<pose_timestamp_-1913932872 type_id="opencv-matrix">
  <rows>4</rows>
  <cols>4</cols>
  <dt>f</dt>
  <data>
    -3.55998017e-02 -8.21516454e-01 5.69072366e-01 4.12972809e+02
    9.98532534e-01 -5.24933822e-02 -1.33139798e-02 -1.54677916e+01
    4.08101864e-02 5.67763269e-01 8.22179675e-01 2.99431183e+02 0. 0. 0.
    1.</data></pose_timestamp_-1913932872>
<pose_timestamp_-1913932863 type_id="opencv-matrix">
  <rows>4</rows>
  <cols>4</cols>
  <dt>f</dt>
  <data>
    8.68490696e-01 -1.51321501e-01 4.72044230e-01 1.61101364e+02
    8.52617323e-02 9.83676434e-01 1.58464760e-01 6.41615219e+01
    -4.88317907e-01 -9.73778591e-02 8.67215753e-01 5.96370789e+02 0. 0.
    0. 1.</data></pose_timestamp_-1913932863>
<pose_timestamp_-1913932859 type_id="opencv-matrix">
  <rows>4</rows>
  <cols>4</cols>
  <dt>f</dt>
  <data>
    8.30462575e-01 -5.76605760e-02 5.54082274e-01 1.56132141e+02
    -4.98881517e-03 9.93819177e-01 1.10899076e-01 -1.60638855e+02
    -5.57052076e-01 -9.48617458e-02 8.25041950e-01 5.28397339e+02 0. 0.
    0. 1.</data></pose_timestamp_-1913932859>
<pose_timestamp_-1913932856 type_id="opencv-matrix">
  <rows>4</rows>
  <cols>4</cols>
  <dt>f</dt>
  <data>
    7.18267918e-01 -4.06161100e-02 6.94580138e-01 4.77351868e+02
    -3.52850109e-02 9.94883657e-01 9.46649536e-02 -1.71336914e+02
    -6.94871366e-01 -9.25030634e-02 7.13159859e-01 4.70685944e+02 0. 0.
    0. 1.</data></pose_timestamp_-1913932856>
<pose_timestamp_-1913932850 type_id="opencv-matrix">
  <rows>4</rows>
  <cols>4</cols>
  <dt>f</dt>
  <data>
    5.42647183e-01 -1.33481130e-01 8.29286933e-01 3.75404449e+02
    5.46774380e-02 9.90811944e-01 1.23701617e-01 7.92250595e+01
    -8.38179231e-01 -2.17830501e-02 5.44959724e-01 4.48466339e+02 0. 0.
    0. 1.</data></pose_timestamp_-1913932850>
<pose_timestamp_-1913932840 type_id="opencv-matrix">
  <rows>4</rows>
  <cols>4</cols>
  <dt>f</dt>
  <data>
    6.14417434e-01 -9.78863463e-02 7.82885373e-01 4.24794403e+02
    2.82405186e-02 9.94366527e-01 1.02164939e-01 -1.30395264e+02
    -7.88475573e-01 -4.06628326e-02 6.13720477e-01 2.81034027e+02 0. 0.
    0. 1.</data></pose_timestamp_-1913932840>
<pose_timestamp_-1913932838 type_id="opencv-matrix">
  <rows>4</rows>
  <cols>4</cols>
  <dt>f</dt>
  <data>
    5.90989470e-01 -6.61943629e-02 8.03958833e-01 3.86658905e+02
    3.96136045e-02 9.97806609e-01 5.30349948e-02 -2.36749973e+01
    -8.05706024e-01 5.04584576e-04 5.92315376e-01 2.86411407e+02 0. 0.
    0. 1.</data></pose_timestamp_-1913932838>
<pose_timestamp_-1913932834 type_id="opencv-matrix">
  <rows>4</rows>
  <cols>4</cols>
  <dt>f</dt>
  <data>
    6.16277397e-01 -9.37068090e-02 7.81934261e-01 3.77455231e+02
    3.45144719e-02 9.95155394e-01 9.20567736e-02 7.06230850e+01
    -7.86772490e-01 -2.97444593e-02 6.16526008e-01 3.05233185e+02 0. 0.
    0. 1.</data></pose_timestamp_-1913932834>
<pose_timestamp_-1913932830 type_id="opencv-matrix">
  <rows>4</rows>
  <cols>4</cols>
  <dt>f</dt>
  <data>
    4.38551247e-01 -5.56327939e-01 7.05812991e-01 4.78675629e+02
    7.08608925e-01 6.97104156e-01 1.09175041e-01 -1.80796936e+02
    -5.52762270e-01 4.52266574e-01 6.99934840e-01 2.01066040e+02 0. 0.
    0. 1.</data></pose_timestamp_-1913932830>
<pose_timestamp_-1913932827 type_id="opencv-matrix">
  <rows>4</rows>
  <cols>4</cols>
  <dt>f</dt>
  <data>
    5.06370008e-01 -5.16605675e-01 6.90440416e-01 4.41258728e+02
    7.25115478e-01 6.88424706e-01 -1.67033225e-02 -1.00637917e+02
    -4.66687202e-01 5.09107113e-01 7.23196387e-01 1.95220917e+02 0. 0.
    0. 1.</data></pose_timestamp_-1913932827>
<pose_timestamp_-1913932823 type_id="opencv-matrix">
  <rows>4</rows>
  <cols>4</cols>
  <dt>f</dt>
  <data>
    5.54066896e-01 -5.41591942e-01 6.32208824e-01 4.34195190e+02
    7.63060451e-01 6.34002566e-01 -1.25616431e-01 -5.40057242e-01
    -3.32789212e-01 5.52013457e-01 7.64547229e-01 1.58209076e+02 0. 0.
    0. 1.</data></pose_timestamp_-1913932823>
<pose_timestamp_-1913932818 type_id="opencv-matrix">
  <rows>4</rows>
  <cols>4</cols>
  <dt>f</dt>
  <data>
    5.54547608e-01 1.96825266e-01 8.08539867e-01 3.69429840e+02
    -5.47568440e-01 8.17946851e-01 1.76441744e-01 1.56382716e+00
    -6.26614451e-01 -5.40576279e-01 5.61365843e-01 2.81203705e+02 0. 0.
    0. 1.</data></pose_timestamp_-1913932818>
<pose_timestamp_-1913932776 type_id="opencv-matrix">
  <rows>4</rows>
  <cols>4</cols>
  <dt>f</dt>
  <data>
    5.17563999e-01 2.35731736e-01 8.22531462e-01 3.49442474e+02
    -5.23230553e-01 8.47814620e-01 8.62562656e-02 9.13530350e+01
    -6.77020907e-01 -4.75016743e-01 5.62140405e-01 2.75664368e+02 0. 0.
    0. 1.</data></pose_timestamp_-1913932776>
<pose_timestamp_-1913932769 type_id="opencv-matrix">
  <rows>4</rows>
  <cols>4</cols>
  <dt>f</dt>
  <data>
    9.41157758e-01 3.15609686e-02 3.36490691e-01 3.55252686e+02
    -3.03558279e-02 9.99500036e-01 -8.84293392e-03 -1.01612228e+02
    -3.36601555e-01 -1.89185783e-03 9.41645265e-01 1.72624207e+02 0. 0.
    0. 1.</data></pose_timestamp_-1913932769>
<pose_timestamp_-1913932766 type_id="opencv-matrix">
  <rows>4</rows>
  <cols>4</cols>
  <dt>f</dt>
  <data>
    9.69250679e-01 1.17814042e-01 2.16039345e-01 2.90466766e+02
    -1.12600215e-01 9.92976010e-01 -3.63298878e-02 2.56368217e+01
    -2.18802065e-01 1.08866906e-02 9.75708544e-01 1.97120010e+02 0. 0.
    0. 1.</data></pose_timestamp_-1913932766>
<pose_timestamp_-1913932758 type_id="opencv-matrix">
  <rows>4</rows>
  <cols>4</cols>
  <dt>f</dt>
  <data>
    6.11431777e-01 -8.43839049e-02 7.86784887e-01 2.30014618e+02
    6.36874214e-02 9.96319890e-01 5.73636442e-02 -7.86531067e+01
    -7.88730025e-01 1.50343440e-02 6.14555836e-01 1.31209473e+02 0. 0.
    0. 1.</data></pose_timestamp_-1913932758>
<pose_timestamp_-1913932755 type_id="opencv-matrix">
  <rows>4</rows>
  <cols>4</cols>
  <dt>f</dt>
  <data>
    6.97666168e-01 -7.65594766e-02 7.12320566e-01 2.35507339e+02
    5.49743325e-02 9.97063100e-01 5.33199459e-02 -1.78576546e+01
    -7.14310706e-01 1.95982424e-03 6.99826002e-01 1.28204239e+02 0. 0.
    0. 1.</data></pose_timestamp_-1913932755>
<pose_timestamp_-1913932752 type_id="opencv-matrix">
  <rows>4</rows>
  <cols>4</cols>
  <dt>f</dt>
  <data>
    6.86547756e-01 -7.98387155e-02 7.22688019e-01 2.28521210e+02
    3.32267918e-02 9.96359646e-01 7.85073116e-02 -2.80536098e+01
    -7.26325154e-01 -2.98864115e-02 6.86701238e-01 1.59832031e+02 0. 0.
    0. 1.</data></pose_timestamp_-1913932752>
<pose_timestamp_-1913932720 type_id="opencv-matrix">
  <rows>4</rows>
  <cols>4</cols>
  <dt>f</dt>
  <data>
    9.32906747e-01 -9.23910737e-02 3.48064482e-01 1.24028839e+02
    6.73954561e-02 9.94244874e-01 8.32767412e-02 -8.73404770e+01
    -3.53755355e-01 -5.42314723e-02 9.33764458e-01 7.26085144e+02 0. 0.
    0. 1.</data></pose_timestamp_-1913932720>
<pose_timestamp_-1913931867 type_id="opencv-matrix">
  <rows>4</rows>
  <cols>4</cols>
  <dt>f</dt>
  <data>
    6.38633966e-01 9.47803110e-02 7.63651311e-01 1.98590820e+02
    1.75445467e-01 9.48313951e-01 -2.64422953e-01 -1.47135818e+02
    -7.49243319e-01 3.02848637e-01 5.88996768e-01 3.78292480e+02 0. 0.
    0. 1.</data></pose_timestamp_-1913931867>
<pose_timestamp_-1913931866 type_id="opencv-matrix">
  <rows>4</rows>
  <cols>4</cols>
  <dt>f</dt>
  <data>
    4.97080147e-01 -1.65918514e-01 8.51693809e-01 4.03561432e+02
    9.95121244e-03 9.82573628e-01 1.85607314e-01 2.42026353e+00
    -8.67647588e-01 -8.37863311e-02 4.90068942e-01 5.97493164e+02 0. 0.
    0. 1.</data></pose_timestamp_-1913931866>
<pose_timestamp_-1913931863 type_id="opencv-matrix">
  <rows>4</rows>
  <cols>4</cols>
  <dt>f</dt>
  <data>
    7.68635035e-01 8.80967379e-02 6.33592248e-01 1.07047462e+02
    -9.48744342e-02 9.95216966e-01 -2.32824013e-02 3.23616457e+00
    -6.32612884e-01 -4.22160365e-02 7.73316741e-01 5.63645081e+02 0. 0.
    0. 1.</data></pose_timestamp_-1913931863>
<pose_timestamp_-1913931860 type_id="opencv-matrix">
  <rows>4</rows>
  <cols>4</cols>
  <dt>f</dt>
  <data>
    3.85303795e-01 3.58237326e-02 9.22094166e-01 4.23704529e+02
    -7.84860253e-02 9.96897578e-01 -5.93391573e-03 -3.43581200e+01
    -9.19445992e-01 -7.00851455e-02 3.86920065e-01 4.39054138e+02 0. 0.
    0. 1.</data></pose_timestamp_-1913931860>
<pose_timestamp_-1913931857 type_id="opencv-matrix">
  <rows>4</rows>
  <cols>4</cols>
  <dt>f</dt>
  <data>
    4.76110846e-01 2.01536983e-01 8.55979741e-01 3.53503204e+02
    -1.98562276e-02 9.75599825e-01 -2.18656674e-01 -1.85211258e+02
    -8.79161060e-01 8.71082842e-02 4.68495399e-01 3.78558411e+02 0. 0.
    0. 1.</data></pose_timestamp_-1913931857>
<pose_timestamp_-1913932774 type_id="opencv-matrix">
  <rows>4</rows>
  <cols>4</cols>
  <dt>f</dt>
  <data>
    5.24415791e-01 2.49576196e-01 8.14063728e-01 3.43718658e+02
    -4.77011234e-01 8.78071487e-01 3.80885415e-02 1.82904373e+02
    -7.05300152e-01 -4.08291787e-01 5.79525232e-01 2.93555054e+02 0. 0.
    0. 1.</data></pose_timestamp_-1913932774>
<pose_timestamp_-1913932748 type_id="opencv-matrix">
  <rows>4</rows>
  <cols>4</cols>
  <dt>f</dt>
  <data>
    7.05470145e-01 -7.26691708e-02 7.05004334e-01 2.17944504e+02
    4.08445708e-02 9.97244954e-01 6.19206727e-02 4.01295280e+01
    -7.07561731e-01 -1.48875853e-02 7.06494689e-01 1.60735626e+02 0. 0.
    0. 1.</data></pose_timestamp_-1913932748>
<pose_timestamp_-1913932638 type_id="opencv-matrix">
  <rows>4</rows>
  <cols>4</cols>
  <dt>f</dt>
  <data>
