<?xml version="1.0"?>
<opencv_storage>
<nCameras>15</nCameras>
<camera_matrix_0 type_id="opencv-matrix">
  <rows>3</rows>
  <cols>3</cols>
  <dt>f</dt>
  <data>
    1.16303113e+03 0. 6.95179810e+02 0. 1.17847241e+03 4.70443512e+02 0.
    0. 1.</data></camera_matrix_0>
<camera_distortion_0 type_id="opencv-matrix">
  <rows>1</rows>
  <cols>5</cols>
  <dt>f</dt>
  <data>
    -2.41878241e-01 1.55132161e-02 4.89800761e-04 5.66942792e-04
    1.74267024e-01</data></camera_distortion_0>
<camera_pose_0 type_id="opencv-matrix">
  <rows>4</rows>
  <cols>4</cols>
  <dt>f</dt>
  <data>
    1. 0. 0. 0. 0. 1. 0. 0. 0. 0. 1. 0. 0. 0. 0. 1.</data></camera_pose_0>
<camera_matrix_1 type_id="opencv-matrix">
  <rows>3</rows>
  <cols>3</cols>
  <dt>f</dt>
  <data>
    1.14486694e+03 0. 6.29909119e+02 0. 1.15564844e+03 4.75244476e+02 0.
    0. 1.</data></camera_matrix_1>
<camera_distortion_1 type_id="opencv-matrix">
  <rows>1</rows>
  <cols>5</cols>
  <dt>f</dt>
  <data>
    -3.47691238e-01 3.54074925e-01 1.20785611e-03 8.32844642e-04
    -2.45590076e-01</data></camera_distortion_1>
<camera_pose_1 type_id="opencv-matrix">
  <rows>4</rows>
  <cols>4</cols>
  <dt>f</dt>
  <data>
    8.18138242e-01 1.61928013e-02 -5.74793518e-01 -9.34841919e+01
    -2.69232728e-02 9.99585867e-01 -1.01616755e-02 -2.45657444e+00
    5.74390888e-01 2.37889793e-02 8.18235397e-01 -4.50768204e+01 0. 0.
    0. 1.</data></camera_pose_1>
<camera_matrix_2 type_id="opencv-matrix">
  <rows>3</rows>
  <cols>3</cols>
  <dt>f</dt>
  <data>
    1.10801514e+03 0. 6.47429321e+02 0. 1.12427539e+03 4.40337158e+02 0.
    0. 1.</data></camera_matrix_2>
<camera_distortion_2 type_id="opencv-matrix">
  <rows>1</rows>
  <cols>5</cols>
  <dt>f</dt>
  <data>
    -3.02877843e-01 2.22913772e-01 9.02522297e-05 2.59709923e-04
    -1.24155708e-01</data></camera_distortion_2>
<camera_pose_2 type_id="opencv-matrix">
  <rows>4</rows>
  <cols>4</cols>
  <dt>f</dt>
  <data>
    1.68908074e-01 1.15458108e-02 -9.85564172e-01 -1.29126419e+02
    -1.38289005e-01 9.90318000e-01 -1.20987594e-02 3.84244943e+00
    9.75882292e-01 1.38336256e-01 1.68869361e-01 -1.42659576e+02 0. 0.
    0. 1.</data></camera_pose_2>
<camera_matrix_3 type_id="opencv-matrix">
  <rows>3</rows>
  <cols>3</cols>
  <dt>f</dt>
  <data>
    1.14221680e+03 0. 6.10028015e+02 0. 1.15659436e+03 4.57374756e+02 0.
    0. 1.</data></camera_matrix_3>
<camera_distortion_3 type_id="opencv-matrix">
  <rows>1</rows>
  <cols>5</cols>
  <dt>f</dt>
  <data>
    -3.08359534e-01 2.32322797e-01 -4.85600263e-04 -5.83103392e-04
    -1.25605926e-01</data></camera_distortion_3>
<camera_pose_3 type_id="opencv-matrix">
  <rows>4</rows>
  <cols>4</cols>
  <dt>f</dt>
  <data>
    -5.12220442e-01 -2.96396669e-02 -8.58342409e-01 -1.06022697e+02
    -8.49255994e-02 9.96254325e-01 1.62778646e-02 6.28427744e-01
    8.54644895e-01 8.12330991e-02 -5.12818992e-01 -2.16288956e+02 0. 0.
    0. 1.</data></camera_pose_3>
<camera_matrix_4 type_id="opencv-matrix">
  <rows>3</rows>
  <cols>3</cols>
  <dt>f</dt>
  <data>
    1.06839978e+03 0. 6.56589111e+02 0. 1.08429993e+03 4.60160583e+02 0.
    0. 1.</data></camera_matrix_4>
<camera_distortion_4 type_id="opencv-matrix">
  <rows>1</rows>
  <cols>5</cols>
  <dt>f</dt>
  <data>
    -3.01238209e-01 2.91304260e-01 4.88866679e-03 9.86433588e-04
    -2.82539994e-01</data></camera_distortion_4>
<camera_pose_4 type_id="opencv-matrix">
  <rows>4</rows>
  <cols>4</cols>
  <dt>f</dt>
  <data>
    -9.66445863e-01 -6.87286928e-02 -2.47504979e-01 -1.50701370e+01
    -8.49000961e-02 9.94856119e-01 5.52562065e-02 6.29795456e+00
    2.42434159e-01 7.44153336e-02 -9.67309713e-01 -2.85808655e+02 0. 0.
    0. 1.</data></camera_pose_4>
<camera_matrix_5 type_id="opencv-matrix">
  <rows>3</rows>
  <cols>3</cols>
  <dt>f</dt>
  <data>
    1.16713196e+03 0. 6.71316895e+02 0. 1.18150488e+03 5.02735840e+02 0.
    0. 1.</data></camera_matrix_5>
<camera_distortion_5 type_id="opencv-matrix">
  <rows>1</rows>
  <cols>5</cols>
  <dt>f</dt>
  <data>
    -2.82137215e-01 1.06775470e-01 -3.30391835e-04 -6.05552748e-04
    1.82142437e-01</data></camera_distortion_5>
<camera_pose_5 type_id="opencv-matrix">
  <rows>4</rows>
  <cols>4</cols>
  <dt>f</dt>
  <data>
    9.97858584e-01 6.51068464e-02 -6.27717795e-03 6.25010729e-01
    -6.50956854e-02 9.97877061e-01 1.96651579e-03 -4.86671791e+01
    6.39188569e-03 -1.55368727e-03 9.99978364e-01 -2.17377853e+00 0. 0.
    0. 1.</data></camera_pose_5>
<camera_matrix_6 type_id="opencv-matrix">
  <rows>3</rows>
  <cols>3</cols>
  <dt>f</dt>
  <data>
    1.13726538e+03 0. 6.68147949e+02 0. 1.14992114e+03 4.48463531e+02 0.
    0. 1.</data></camera_matrix_6>
<camera_distortion_6 type_id="opencv-matrix">
  <rows>1</rows>
  <cols>5</cols>
  <dt>f</dt>
  <data>
    -3.85795981e-01 5.32828867e-01 8.10564205e-04 1.08283106e-03
    -4.66517299e-01</data></camera_distortion_6>
<camera_pose_6 type_id="opencv-matrix">
  <rows>4</rows>
  <cols>4</cols>
  <dt>f</dt>
  <data>
    8.20090115e-01 7.34794065e-02 -5.67497075e-01 -9.00967941e+01
    -7.42804706e-02 9.97000217e-01 2.17486639e-02 -4.66743736e+01
    5.67392766e-01 2.43180860e-02 8.23088109e-01 -4.83565865e+01 0. 0.
    0. 1.</data></camera_pose_6>
<camera_matrix_7 type_id="opencv-matrix">
  <rows>3</rows>
  <cols>3</cols>
  <dt>f</dt>
  <data>
    1.07522485e+03 0. 6.42466797e+02 0. 1.09117126e+03 4.90822388e+02 0.
    0. 1.</data></camera_matrix_7>
<camera_distortion_7 type_id="opencv-matrix">
  <rows>1</rows>
  <cols>5</cols>
  <dt>f</dt>
  <data>
    -2.81773746e-01 1.12668879e-01 -7.67725811e-04 -3.94328643e-04
    2.44916156e-02</data></camera_distortion_7>
<camera_pose_7 type_id="opencv-matrix">
  <rows>4</rows>
  <cols>4</cols>
  <dt>f</dt>
  <data>
    2.15110019e-01 3.85592282e-02 -9.75828290e-01 -1.30920898e+02
    -1.27073497e-01 9.91830289e-01 1.11796614e-02 -4.22857857e+01
    9.68287170e-01 1.21597059e-01 2.18252495e-01 -1.40971558e+02 0. 0.
    0. 1.</data></camera_pose_7>
<camera_matrix_8 type_id="opencv-matrix">
  <rows>3</rows>
  <cols>3</cols>
  <dt>f</dt>
  <data>
    1.12744397e+03 0. 6.55712891e+02 0. 1.14243701e+03 4.87246338e+02 0.
    0. 1.</data></camera_matrix_8>
<camera_distortion_8 type_id="opencv-matrix">
  <rows>1</rows>
  <cols>5</cols>
  <dt>f</dt>
  <data>
    -2.96352953e-01 1.85877591e-01 -1.03630614e-03 -1.71794940e-03
    -8.98686498e-02</data></camera_distortion_8>
<camera_pose_8 type_id="opencv-matrix">
  <rows>4</rows>
  <cols>4</cols>
  <dt>f</dt>
  <data>
    -5.38065374e-01 -1.89095773e-02 -8.42690945e-01 -9.95650711e+01
    -6.92719296e-02 9.97358501e-01 2.18504779e-02 -4.65285797e+01
    8.40051830e-01 7.01318160e-02 -5.37953973e-01 -2.25250000e+02 0. 0.
    0. 1.</data></camera_pose_8>
<camera_matrix_9 type_id="opencv-matrix">
  <rows>3</rows>
  <cols>3</cols>
  <dt>f</dt>
  <data>
    1.13703613e+03 0. 6.48421936e+02 0. 1.15358838e+03 4.69637939e+02 0.
    0. 1.</data></camera_matrix_9>
<camera_distortion_9 type_id="opencv-matrix">
  <rows>1</rows>
  <cols>5</cols>
  <dt>f</dt>
  <data>
    -3.13357234e-01 2.96342701e-01 1.40492048e-03 2.90137163e-04
    -2.48226926e-01</data></camera_distortion_9>
<camera_pose_9 type_id="opencv-matrix">
  <rows>4</rows>
  <cols>4</cols>
  <dt>f</dt>
  <data>
    -9.59718108e-01 -4.61726896e-02 -2.77144700e-01 -2.32983875e+01
    -6.14887923e-02 9.97008801e-01 4.68251109e-02 -4.30807495e+01
    2.74153650e-01 6.19801991e-02 -9.59686518e-01 -2.64806183e+02 0. 0.
    0. 1.</data></camera_pose_9>
<camera_matrix_10 type_id="opencv-matrix">
  <rows>3</rows>
  <cols>3</cols>
  <dt>f</dt>
  <data>
    1.18607593e+03 0. 6.66196106e+02 0. 1.20191565e+03 5.02838287e+02 0.
    0. 1.</data></camera_matrix_10>
<camera_distortion_10 type_id="opencv-matrix">
  <rows>1</rows>
  <cols>5</cols>
  <dt>f</dt>
  <data>
    -2.41595104e-01 -1.40195489e-02 1.66505750e-03 7.57827482e-04
    3.54391307e-01</data></camera_distortion_10>
