<?xml version="1.0"?>
<opencv_storage>
<nCameras>15</nCameras>
<camera_matrix_0 type_id="opencv-matrix">
  <rows>3</rows>
  <cols>3</cols>
  <dt>f</dt>
  <data>
    1.13923560e+03 0. 6.76043945e+02 0. 1.15537683e+03 4.69840515e+02 0.
    0. 1.</data></camera_matrix_0>
<camera_distortion_0 type_id="opencv-matrix">
  <rows>1</rows>
  <cols>5</cols>
  <dt>f</dt>
  <data>
    -8.33671242e-02 -5.17551601e-01 7.83736992e-04 3.91537556e-03
    7.50518799e-01</data></camera_distortion_0>
<camera_pose_0 type_id="opencv-matrix">
  <rows>4</rows>
  <cols>4</cols>
  <dt>f</dt>
  <data>
    1. 0. 0. 0. 0. 1. 0. 0. 0. 0. 1. 0. 0. 0. 0. 1.</data></camera_pose_0>
<camera_matrix_1 type_id="opencv-matrix">
  <rows>3</rows>
  <cols>3</cols>
  <dt>f</dt>
  <data>
    1.15877271e+03 0. 7.14046509e+02 0. 1.17350073e+03 4.68579987e+02 0.
    0. 1.</data></camera_matrix_1>
<camera_distortion_1 type_id="opencv-matrix">
  <rows>1</rows>
  <cols>5</cols>
  <dt>f</dt>
  <data>
    -2.29875028e-01 7.93855339e-02 -1.53122249e-03 5.03184041e-03
    2.00561131e-03</data></camera_distortion_1>
<camera_pose_1 type_id="opencv-matrix">
  <rows>4</rows>
  <cols>4</cols>
  <dt>f</dt>
  <data>
    7.65069723e-01 1.04858438e-02 -6.43862069e-01 -9.08354034e+01
    -2.13192329e-02 9.99731719e-01 -9.05111432e-03 -1.92003632e+00
    6.43594444e-01 2.06513796e-02 7.65088022e-01 -4.09575310e+01 0. 0.
    0. 1.</data></camera_pose_1>
<camera_matrix_2 type_id="opencv-matrix">
  <rows>3</rows>
  <cols>3</cols>
  <dt>f</dt>
  <data>
    1.18184180e+03 0. 7.48442261e+02 0. 1.19948779e+03 4.21553680e+02 0.
    0. 1.</data></camera_matrix_2>
<camera_distortion_2 type_id="opencv-matrix">
  <rows>1</rows>
  <cols>5</cols>
  <dt>f</dt>
  <data>
    -3.34834039e-01 3.83615464e-01 2.19090463e-04 -1.99024635e-03
    -3.03046435e-01</data></camera_distortion_2>
<camera_pose_2 type_id="opencv-matrix">
  <rows>4</rows>
  <cols>4</cols>
  <dt>f</dt>
  <data>
    1.02013916e-01 5.69168897e-03 -9.94766712e-01 -1.36909195e+02
    -1.23974241e-01 9.92260516e-01 -7.03628268e-03 2.41550756e+00
    9.87027645e-01 1.24043241e-01 1.01930000e-01 -1.23587837e+02 0. 0.
    0. 1.</data></camera_pose_2>
<camera_matrix_3 type_id="opencv-matrix">
  <rows>3</rows>
  <cols>3</cols>
  <dt>f</dt>
  <data>
    1.15901367e+03 0. 7.06249451e+02 0. 1.16596973e+03 4.04957367e+02 0.
    0. 1.</data></camera_matrix_3>
<camera_distortion_3 type_id="opencv-matrix">
  <rows>1</rows>
  <cols>5</cols>
  <dt>f</dt>
  <data>
    -1.99137270e-01 -4.28242199e-02 -1.42741646e-03 8.81230645e-03
    1.10515743e-01</data></camera_distortion_3>
<camera_pose_3 type_id="opencv-matrix">
  <rows>4</rows>
  <cols>4</cols>
  <dt>f</dt>
  <data>
    -5.42968690e-01 -3.40809971e-02 -8.39061081e-01 -1.25108086e+02
    -6.33549839e-02 9.97990966e-01 4.61520423e-04 3.01016808e-01
    8.37359607e-01 5.34092896e-02 -5.44037044e-01 -2.20063522e+02 0. 0.
    0. 1.</data></camera_pose_3>
<camera_matrix_4 type_id="opencv-matrix">
  <rows>3</rows>
  <cols>3</cols>
  <dt>f</dt>
  <data>
    1.14086145e+03 0. 7.01507690e+02 0. 1.15222876e+03 4.56612366e+02 0.
    0. 1.</data></camera_matrix_4>
<camera_distortion_4 type_id="opencv-matrix">
  <rows>1</rows>
  <cols>5</cols>
  <dt>f</dt>
  <data>
    -2.42589504e-01 6.00599349e-02 2.85113929e-03 3.82282282e-03
    2.09070612e-02</data></camera_distortion_4>
<camera_pose_4 type_id="opencv-matrix">
  <rows>4</rows>
  <cols>4</cols>
  <dt>f</dt>
  <data>
    -9.54272985e-01 -7.03223273e-02 -2.90547490e-01 -4.97619781e+01
    -9.38431546e-02 9.93274868e-01 6.78119287e-02 1.64082165e+01
    2.83824831e-01 9.19769853e-02 -9.54454660e-01 -2.97657410e+02 0. 0.
    0. 1.</data></camera_pose_4>
<camera_matrix_5 type_id="opencv-matrix">
  <rows>3</rows>
  <cols>3</cols>
  <dt>f</dt>
  <data>
    1.16941699e+03 0. 6.47919128e+02 0. 1.17689063e+03 4.82258514e+02 0.
    0. 1.</data></camera_matrix_5>
<camera_distortion_5 type_id="opencv-matrix">
  <rows>1</rows>
  <cols>5</cols>
  <dt>f</dt>
  <data>
    -2.31944576e-01 -2.85834707e-02 1.84798590e-03 2.64422176e-03
    2.32683346e-01</data></camera_distortion_5>
<camera_pose_5 type_id="opencv-matrix">
  <rows>4</rows>
  <cols>4</cols>
  <dt>f</dt>
  <data>
    9.97858942e-01 6.53573945e-02 -2.44566146e-03 6.85814440e-01
    -6.52803257e-02 9.97579098e-01 2.39682291e-02 -4.98237038e+01
    4.00624145e-03 -2.37572566e-02 9.99709725e-01 3.71450019e+00 0. 0.
    0. 1.</data></camera_pose_5>
<camera_matrix_6 type_id="opencv-matrix">
  <rows>3</rows>
  <cols>3</cols>
  <dt>f</dt>
  <data>
    1.14614673e+03 0. 6.55725159e+02 0. 1.15545496e+03 4.68581696e+02 0.
    0. 1.</data></camera_matrix_6>
<camera_distortion_6 type_id="opencv-matrix">
  <rows>1</rows>
  <cols>5</cols>
  <dt>f</dt>
  <data>
    -2.84653127e-01 1.98151112e-01 6.16207079e-04 2.20519680e-04
    -1.11565910e-01</data></camera_distortion_6>
<camera_pose_6 type_id="opencv-matrix">
  <rows>4</rows>
  <cols>4</cols>
  <dt>f</dt>
  <data>
    8.19238424e-01 7.40265846e-02 -5.68655014e-01 -9.17742157e+01
    -8.31842422e-02 9.96485174e-01 9.88063216e-03 -4.67508621e+01
    5.67387700e-01 3.92085388e-02 8.22516799e-01 -4.02806854e+01 0. 0.
    0. 1.</data></camera_pose_6>
<camera_matrix_7 type_id="opencv-matrix">
  <rows>3</rows>
  <cols>3</cols>
  <dt>f</dt>
  <data>
    1.13611279e+03 0. 7.67420959e+02 0. 1.14675342e+03 4.88238770e+02 0.
    0. 1.</data></camera_matrix_7>
<camera_distortion_7 type_id="opencv-matrix">
  <rows>1</rows>
  <cols>5</cols>
  <dt>f</dt>
  <data>
    -3.03622097e-01 1.90234601e-01 4.90592385e-04 -4.23966954e-03
    -9.65481848e-02</data></camera_distortion_7>
<camera_pose_7 type_id="opencv-matrix">
  <rows>4</rows>
  <cols>4</cols>
  <dt>f</dt>
  <data>
    1.28032804e-01 3.00569385e-02 -9.91314352e-01 -1.33737503e+02
    -1.26962751e-01 9.91813242e-01 1.36742415e-02 -4.36304932e+01
    9.83609736e-01 1.24109253e-01 1.30800739e-01 -1.29936371e+02 0. 0.
    0. 1.</data></camera_pose_7>
<camera_matrix_8 type_id="opencv-matrix">
  <rows>3</rows>
  <cols>3</cols>
  <dt>f</dt>
  <data>
    1.20598889e+03 0. 7.03742981e+02 0. 1.21064099e+03 4.96177399e+02 0.
    0. 1.</data></camera_matrix_8>
<camera_distortion_8 type_id="opencv-matrix">
  <rows>1</rows>
  <cols>5</cols>
  <dt>f</dt>
  <data>
    -2.65677810e-01 1.26878351e-01 -2.08919472e-03 5.55521017e-03
    -6.66000880e-04</data></camera_distortion_8>
<camera_pose_8 type_id="opencv-matrix">
  <rows>4</rows>
  <cols>4</cols>
  <dt>f</dt>
  <data>
    -5.32163680e-01 -1.50937159e-02 -8.46506953e-01 -1.28880920e+02
    -9.02876779e-02 9.95151162e-01 3.90159748e-02 -3.49520149e+01
    8.41813505e-01 9.71920267e-02 -5.30946076e-01 -2.08472488e+02 0. 0.
    0. 1.</data></camera_pose_8>
<camera_matrix_9 type_id="opencv-matrix">
  <rows>3</rows>
  <cols>3</cols>
  <dt>f</dt>
  <data>
    1.12368103e+03 0. 6.63590149e+02 0. 1.13525269e+03 4.51636108e+02 0.
    0. 1.</data></camera_matrix_9>
<camera_distortion_9 type_id="opencv-matrix">
  <rows>1</rows>
  <cols>5</cols>
  <dt>f</dt>
  <data>
    -2.73929089e-01 9.10955071e-02 8.17639753e-04 1.64721918e-03
    2.94912010e-02</data></camera_distortion_9>
<camera_pose_9 type_id="opencv-matrix">
  <rows>4</rows>
  <cols>4</cols>
  <dt>f</dt>
  <data>
    -9.41476047e-01 -4.41545695e-02 -3.34175497e-01 -5.79767570e+01
    -6.32238910e-02 9.96920228e-01 4.63983528e-02 -3.97876854e+01
    3.31097603e-01 6.48108125e-02 -9.41368103e-01 -3.05230164e+02 0. 0.
    0. 1.</data></camera_pose_9>
<camera_matrix_10 type_id="opencv-matrix">
  <rows>3</rows>
  <cols>3</cols>
  <dt>f</dt>
  <data>
    1.15849536e+03 0. 6.43940674e+02 0. 1.16393054e+03 4.83165955e+02 0.
    0. 1.</data></camera_matrix_10>
<camera_distortion_10 type_id="opencv-matrix">
  <rows>1</rows>
  <cols>5</cols>
  <dt>f</dt>
  <data>
    -3.23795170e-01 3.27554315e-01 9.36944329e-04 1.33497803e-03
    -2.50304401e-01</data></camera_distortion_10>
<camera_pose_10 type_id="opencv-matrix">
  <rows>4</rows>
  <cols>4</cols>
  <dt>f</dt>
  <data>
    9.96181846e-01 8.23605657e-02 2.89568901e-02 -8.04707146e+00
    -8.15539435e-02 9.96275127e-01 -2.80149523e-02 -1.01896362e+02
    -3.11563574e-02 2.55464371e-02 9.99188006e-01 -8.60432243e+00 0. 0.
    0. 1.</data></camera_pose_10>
<camera_matrix_11 type_id="opencv-matrix">
  <rows>3</rows>
  <cols>3</cols>
  <dt>f</dt>
  <data>
    1.12156555e+03 0. 6.79713318e+02 0. 1.13310339e+03 5.26309143e+02 0.
    0. 1.</data></camera_matrix_11>
<camera_distortion_11 type_id="opencv-matrix">
  <rows>1</rows>
  <cols>5</cols>
  <dt>f</dt>
  <data>
    -3.56069893e-01 4.72843975e-01 -4.15735878e-04 3.29493952e-04
    -4.45440501e-01</data></camera_distortion_11>
<camera_pose_11 type_id="opencv-matrix">
  <rows>4</rows>
  <cols>4</cols>
  <dt>f</dt>
  <data>
    7.98685908e-01 8.66924003e-02 -5.95470607e-01 -9.41432877e+01
    -9.48225781e-02 9.95336354e-01 1.77248754e-02 -9.27038651e+01
    5.94230175e-01 4.23074514e-02 8.03181529e-01 -5.37843552e+01 0. 0.
    0. 1.</data></camera_pose_11>
<camera_matrix_12 type_id="opencv-matrix">
  <rows>3</rows>
  <cols>3</cols>
  <dt>f</dt>
  <data>
    1.11169690e+03 0. 7.51321167e+02 0. 1.13105676e+03 5.20837097e+02 0.
    0. 1.</data></camera_matrix_12>
<camera_distortion_12 type_id="opencv-matrix">
  <rows>1</rows>
  <cols>5</cols>
  <dt>f</dt>
  <data>
    -3.19536150e-01 3.02584589e-01 1.76795258e-03 1.23801595e-03
    -2.11149380e-01</data></camera_distortion_12>
<camera_pose_12 type_id="opencv-matrix">
  <rows>4</rows>
  <cols>4</cols>
  <dt>f</dt>
  <data>
    7.30509609e-02 4.88434061e-02 -9.96131480e-01 -1.28333588e+02
    -9.51152369e-02 9.94588614e-01 4.17925119e-02 -9.43510742e+01
    9.92782295e-01 9.16943029e-02 7.73014054e-02 -1.48497772e+02 0. 0.
    0. 1.</data></camera_pose_12>
<camera_matrix_13 type_id="opencv-matrix">
  <rows>3</rows>
  <cols>3</cols>
  <dt>f</dt>
  <data>
    1.16376208e+03 0. 6.78538269e+02 0. 1.17154773e+03 4.96680511e+02 0.
    0. 1.</data></camera_matrix_13>
<camera_distortion_13 type_id="opencv-matrix">
  <rows>1</rows>
  <cols>5</cols>
  <dt>f</dt>
  <data>
    -3.58535320e-01 4.74635303e-01 -1.48918526e-03 1.30891788e-03
    -4.44676429e-01</data></camera_distortion_13>
<camera_pose_13 type_id="opencv-matrix">
  <rows>4</rows>
  <cols>4</cols>
  <dt>f</dt>
  <data>
    -5.42258143e-01 1.50496392e-02 -8.40077162e-01 -1.25646446e+02
    -1.10233329e-01 9.89923000e-01 8.88881534e-02 -7.69778748e+01
    8.32949400e-01 1.40804827e-01 -5.35134852e-01 -2.23230759e+02 0. 0.
    0. 1.</data></camera_pose_13>
<camera_matrix_14 type_id="opencv-matrix">
  <rows>3</rows>
  <cols>3</cols>
  <dt>f</dt>
  <data>
    1.13791577e+03 0. 6.51722839e+02 0. 1.14312659e+03 4.80132263e+02 0.
    0. 1.</data></camera_matrix_14>
<camera_distortion_14 type_id="opencv-matrix">
  <rows>1</rows>
  <cols>5</cols>
  <dt>f</dt>
  <data>
    -3.08156341e-01 1.74538136e-01 4.67105478e-04 2.52860074e-04
    -5.59222251e-02</data></camera_distortion_14>
<camera_pose_14 type_id="opencv-matrix">
  <rows>4</rows>
  <cols>4</cols>
  <dt>f</dt>
  <data>
    -9.57095683e-01 -7.67234489e-02 -2.79430360e-01 -3.78185768e+01
    -9.60462242e-02 9.93794262e-01 5.61073720e-02 -9.04770050e+01
    2.73391545e-01 8.05383548e-02 -9.58525240e-01 -3.05020416e+02 0. 0.
    0. 1.</data></camera_pose_14>
<meanReprojectError>2.6473441123962402e+00</meanReprojectError>
<pose_timestamp_-1914921717 type_id="opencv-matrix">
  <rows>4</rows>
  <cols>4</cols>
  <dt>f</dt>
  <data>
    -9.96856272e-01 6.19487092e-02 -4.93950620e-02 2.65949829e+02
    -5.79858758e-02 -9.95267034e-01 -7.79818967e-02 1.09334763e+02
    -5.39921559e-02 -7.48725310e-02 9.95730340e-01 2.94563812e+02 0. 0.
    0. 1.</data></pose_timestamp_-1914921717>
<pose_timestamp_-1914921676 type_id="opencv-matrix">
  <rows>4</rows>
  <cols>4</cols>
  <dt>f</dt>
  <data>
    -9.96255636e-01 6.19164407e-02 -6.03412203e-02 2.64663696e+02
    -5.69015034e-02 -9.95043278e-01 -8.15544277e-02 1.09284569e+02
    -6.50916845e-02 -7.78155550e-02 9.94840622e-01 2.97469208e+02 0. 0.
    0. 1.</data></pose_timestamp_-1914921676>
<pose_timestamp_-1914921671 type_id="opencv-matrix">
  <rows>4</rows>
  <cols>4</cols>
  <dt>f</dt>
  <data>
    -9.95729148e-01 5.48431762e-02 -7.42676854e-02 2.52262115e+02
    -4.29974161e-02 -9.87347543e-01 -1.52630255e-01 2.30139984e+02
    -8.16987455e-02 -1.48785084e-01 9.85488892e-01 3.27837952e+02 0. 0.
    0. 1.</data></pose_timestamp_-1914921671>
<pose_timestamp_-1914921668 type_id="opencv-matrix">
  <rows>4</rows>
  <cols>4</cols>
  <dt>f</dt>
  <data>
    -6.34600461e-01 2.66647816e-01 7.25383520e-01 2.41967209e+02
    -2.69564331e-01 -9.56018627e-01 1.15600429e-01 2.83649719e+02
    7.24304736e-01 -1.22177429e-01 6.78568602e-01 3.03384216e+02 0. 0.
    0. 1.</data></pose_timestamp_-1914921668>
<pose_timestamp_-1914921664 type_id="opencv-matrix">
  <rows>4</rows>
  <cols>4</cols>
  <dt>f</dt>
  <data>
    -7.43017673e-01 2.35243589e-01 6.26566172e-01 2.73271332e+02
    -1.46547198e-01 -9.70658064e-01 1.90648541e-01 9.38972015e+01
    6.53030336e-01 4.98337224e-02 7.55690396e-01 2.80586578e+02 0. 0. 0.
    1.</data></pose_timestamp_-1914921664>
<pose_timestamp_-1914921659 type_id="opencv-matrix">
  <rows>4</rows>
  <cols>4</cols>
  <dt>f</dt>
  <data>
    -9.35247958e-01 1.28704876e-01 -3.29767048e-01 3.09040497e+02
    -8.26814696e-02 -9.85218227e-01 -1.50029287e-01 9.59510880e+01
    -3.44202012e-01 -1.13048956e-01 9.32064891e-01 4.84636810e+02 0. 0.
    0. 1.</data></pose_timestamp_-1914921659>
<pose_timestamp_-1914921656 type_id="opencv-matrix">
  <rows>4</rows>
  <cols>4</cols>
  <dt>f</dt>
  <data>
    -9.52641487e-01 1.81586802e-01 -2.43927211e-01 3.04471069e+02
    -1.12932488e-01 -9.56031263e-01 -2.70648301e-01 2.55733932e+02
    -2.82348186e-01 -2.30283469e-01 9.31262076e-01 5.09715668e+02 0. 0.
    0. 1.</data></pose_timestamp_-1914921656>
<pose_timestamp_-1914921653 type_id="opencv-matrix">
  <rows>4</rows>
  <cols>4</cols>
  <dt>f</dt>
  <data>
    -4.84802783e-01 8.50468040e-01 2.04133138e-01 1.76977890e+02
    -8.74071240e-01 -4.62822914e-01 -1.47629395e-01 3.42106232e+02
    -3.10765952e-02 -2.49998048e-01 9.67747509e-01 4.99056641e+02 0. 0.
    0. 1.</data></pose_timestamp_-1914921653>
<pose_timestamp_-1914921650 type_id="opencv-matrix">
  <rows>4</rows>
  <cols>4</cols>
  <dt>f</dt>
  <data>
    -5.70068002e-01 8.15869272e-01 9.68495756e-02 1.87115891e+02
    -8.08880150e-01 -5.36670685e-01 -2.40202948e-01 2.17225830e+02
    -1.43997878e-01 -2.15271711e-01 9.65879261e-01 4.68213562e+02 0. 0.
    0. 1.</data></pose_timestamp_-1914921650>
<pose_timestamp_-1914921646 type_id="opencv-matrix">
  <rows>4</rows>
  <cols>4</cols>
  <dt>f</dt>
  <data>
    -8.56264114e-01 -4.94727075e-01 1.48515642e-01 3.71684357e+02
    5.07639825e-01 -8.59118462e-01 6.49400502e-02 3.45584946e+01
    9.54649374e-02 1.30998299e-01 9.86775517e-01 3.63723450e+02 0. 0. 0.
    1.</data></pose_timestamp_-1914921646>
<pose_timestamp_-1914921644 type_id="opencv-matrix">
  <rows>4</rows>
  <cols>4</cols>
  <dt>f</dt>
  <data>
    -8.64100277e-01 -5.02526939e-01 2.82370429e-02 3.56370697e+02
    4.98764783e-01 -8.62462401e-01 -8.59785751e-02 1.57597946e+02
    6.75599426e-02 -6.02104738e-02 9.95896757e-01 4.02110291e+02 0. 0.
    0. 1.</data></pose_timestamp_-1914921644>
<pose_timestamp_-1914921643 type_id="opencv-matrix">
  <rows>4</rows>
  <cols>4</cols>
  <dt>f</dt>
  <data>
    -8.70272100e-01 -4.91081119e-01 3.82860452e-02 3.55282532e+02
    4.87117827e-01 -8.69567335e-01 -8.10486525e-02 1.61622040e+02
    7.30937570e-02 -5.18845655e-02 9.95974541e-01 4.00180206e+02 0. 0.
    0. 1.</data></pose_timestamp_-1914921643>
<pose_timestamp_-1914921637 type_id="opencv-matrix">
  <rows>4</rows>
  <cols>4</cols>
  <dt>f</dt>
  <data>
    -6.35370791e-01 1.27074167e-01 7.61679769e-01 2.61351471e+02
    -1.83547661e-01 -9.82950628e-01 1.08796321e-02 2.45502365e+02
    7.50076115e-01 -1.32891953e-01 6.47862315e-01 3.20775421e+02 0. 0.
    0. 1.</data></pose_timestamp_-1914921637>
<pose_timestamp_-1914921634 type_id="opencv-matrix">
  <rows>4</rows>
  <cols>4</cols>
  <dt>f</dt>
  <data>
    -6.88804865e-01 2.15341672e-01 6.92225277e-01 2.82037170e+02
    -1.65390939e-01 -9.76360977e-01 1.39158621e-01 1.40868378e+02
    7.05828369e-01 -1.86346415e-02 7.08137751e-01 2.92311707e+02 0. 0.
    0. 1.</data></pose_timestamp_-1914921634>
<pose_timestamp_-1914921631 type_id="opencv-matrix">
  <rows>4</rows>
  <cols>4</cols>
  <dt>f</dt>
  <data>
    -8.27876747e-01 -5.21924078e-01 2.05463693e-01 3.82917786e+02
    5.42258739e-01 -8.38395357e-01 5.52150272e-02 2.51268253e+01
    1.43441752e-01 1.57125711e-01 9.77105916e-01 3.21701447e+02 0. 0. 0.
    1.</data></pose_timestamp_-1914921631>
<pose_timestamp_-1914921629 type_id="opencv-matrix">
  <rows>4</rows>
  <cols>4</cols>
  <dt>f</dt>
  <data>
    -8.78998101e-01 -4.25727069e-01 2.14752838e-01 3.64482635e+02
    4.31738496e-01 -9.01765168e-01 -2.05283072e-02 1.71226730e+02
    2.02396095e-01 7.46727288e-02 9.76452649e-01 3.48976532e+02 0. 0. 0.
    1.</data></pose_timestamp_-1914921629>
<pose_timestamp_-1914921625 type_id="opencv-matrix">
  <rows>4</rows>
  <cols>4</cols>
  <dt>f</dt>
  <data>
    -5.69331944e-01 8.19059491e-01 -7.07292408e-02 1.67593079e+02
    -7.77715206e-01 -5.64480901e-01 -2.76623070e-01 3.03053131e+02
    -2.66496062e-01 -1.02483153e-01 9.58372056e-01 4.56785645e+02 0. 0.
    0. 1.</data></pose_timestamp_-1914921625>
<pose_timestamp_-1914921623 type_id="opencv-matrix">
  <rows>4</rows>
  <cols>4</cols>
  <dt>f</dt>
  <data>
    -6.69341564e-01 7.42862701e-01 -1.17014060e-02 1.96432953e+02
    -6.91014230e-01 -6.28255546e-01 -3.57483268e-01 1.79132294e+02
    -2.72912443e-01 -2.31192559e-01 9.33846235e-01 4.38269409e+02 0. 0.
    0. 1.</data></pose_timestamp_-1914921623>
<pose_timestamp_-1914921618 type_id="opencv-matrix">
  <rows>4</rows>
  <cols>4</cols>
  <dt>f</dt>
  <data>
    -9.95196581e-01 -3.16915028e-02 -9.26248208e-02 1.58422150e+02
    3.61941829e-02 -9.98222709e-01 -4.73431647e-02 7.41795654e+01
    -9.09598246e-02 -5.04682362e-02 9.94574904e-01 4.27021606e+02 0. 0.
    0. 1.</data></pose_timestamp_-1914921618>
<pose_timestamp_-1914921576 type_id="opencv-matrix">
  <rows>4</rows>
  <cols>4</cols>
  <dt>f</dt>
  <data>
    -9.92505372e-01 5.21862954e-02 1.10497370e-01 1.43489563e+02
    -6.71594664e-02 -9.88368511e-01 -1.36445254e-01 2.19232498e+02
    1.02091551e-01 -1.42843589e-01 9.84465837e-01 4.02967133e+02 0. 0.
    0. 1.</data></pose_timestamp_-1914921576>
<pose_timestamp_-1914921571 type_id="opencv-matrix">
  <rows>4</rows>
  <cols>4</cols>
  <dt>f</dt>
  <data>
    -8.94311547e-01 9.19470564e-02 -4.37895656e-01 4.62831078e+01
    -5.80355227e-02 -9.94227886e-01 -9.02372226e-02 2.25110367e+02
    -4.43665117e-01 -5.52866831e-02 8.94485712e-01 4.45862427e+02 0. 0.
    0. 1.</data></pose_timestamp_-1914921571>
<pose_timestamp_-1914921570 type_id="opencv-matrix">
  <rows>4</rows>
  <cols>4</cols>
  <dt>f</dt>
  <data>
    -9.05263960e-01 9.17265341e-02 -4.14829403e-01 5.15951004e+01
    -5.25708795e-02 -9.93095577e-01 -1.04868874e-01 2.24149536e+02
    -4.21584487e-01 -7.31260702e-02 9.03835773e-01 4.38934174e+02 0. 0.
    0. 1.</data></pose_timestamp_-1914921570>
<pose_timestamp_-1914921569 type_id="opencv-matrix">
  <rows>4</rows>
  <cols>4</cols>
  <dt>f</dt>
  <data>
    -9.12761271e-01 5.00566028e-02 -4.05414820e-01 7.73400879e+01
    -1.82132460e-02 -9.96463597e-01 -8.20276812e-02 1.23943604e+02
    -4.08087134e-01 -6.74877763e-02 9.10445094e-01 4.11029419e+02 0. 0.
    0. 1.</data></pose_timestamp_-1914921569>
<pose_timestamp_-1914921565 type_id="opencv-matrix">
  <rows>4</rows>
  <cols>4</cols>
  <dt>f</dt>
  <data>
    -7.99613774e-01 -5.68778098e-01 -1.92637697e-01 1.60414612e+02
    5.95634401e-01 -7.92014122e-01 -1.33915454e-01 8.14394531e+01
    -7.64036030e-02 -2.21822277e-01 9.72089171e-01 3.88432861e+02 0. 0.
    0. 1.</data></pose_timestamp_-1914921565>
<pose_timestamp_-1914921562 type_id="opencv-matrix">
  <rows>4</rows>
  <cols>4</cols>
  <dt>f</dt>
  <data>
    -5.01310706e-01 8.65131855e-01 -1.53093562e-02 1.53455105e+01
    -8.49063277e-01 -4.95253712e-01 -1.83889329e-01 2.48170502e+02
    -1.66670546e-01 -7.91870877e-02 9.82827723e-01 4.26701813e+02 0. 0.
    0. 1.</data></pose_timestamp_-1914921562>
<pose_timestamp_-1914921556 type_id="opencv-matrix">
  <rows>4</rows>
  <cols>4</cols>
  <dt>f</dt>
  <data>
    -7.80245006e-01 1.11956775e-01 6.15372598e-01 1.07174248e+02
    -1.20351583e-01 -9.92338002e-01 2.79428065e-02 1.24181152e+02
    6.13785982e-01 -5.22588305e-02 7.87740946e-01 3.08088318e+02 0. 0.
    0. 1.</data></pose_timestamp_-1914921556>
<pose_timestamp_-1914921554 type_id="opencv-matrix">
  <rows>4</rows>
  <cols>4</cols>
  <dt>f</dt>
  <data>
    -7.97738910e-01 1.29578218e-01 5.88916063e-01 1.13555382e+02
    -1.94288418e-01 -9.79788899e-01 -4.75995392e-02 2.19264236e+02
    5.70845544e-01 -1.52391583e-01 8.06791246e-01 3.31771240e+02 0. 0.
    0. 1.</data></pose_timestamp_-1914921554>
<pose_timestamp_-1914921551 type_id="opencv-matrix">
  <rows>4</rows>
  <cols>4</cols>
  <dt>f</dt>
  <data>
    -7.49827623e-01 1.63104162e-01 -6.41214132e-01 1.91707325e+01
    1.02131460e-02 -9.66169536e-01 -2.57705450e-01 2.07212112e+02
    -6.61554396e-01 -1.99783489e-01 7.22794831e-01 4.79696014e+02 0. 0.
    0. 1.</data></pose_timestamp_-1914921551>
<pose_timestamp_-1914921549 type_id="opencv-matrix">
  <rows>4</rows>
  <cols>4</cols>
  <dt>f</dt>
  <data>
    -7.41830528e-01 1.43912464e-01 -6.54963136e-01 5.03722038e+01
    2.01746263e-02 -9.71468866e-01 -2.36307397e-01 1.10292809e+02
    -6.70283854e-01 -1.88513666e-01 7.17761874e-01 4.61898895e+02 0. 0.
    0. 1.</data></pose_timestamp_-1914921549>
<pose_timestamp_-1914921546 type_id="opencv-matrix">
  <rows>4</rows>
  <cols>4</cols>
  <dt>f</dt>
  <data>
    -9.91291225e-01 -1.27236888e-01 -3.39478180e-02 1.14613869e+02
    1.26967654e-01 -8.55055571e-01 -5.02751589e-01 8.09105682e+01
    3.49412747e-02 -5.02683520e-01 8.63764048e-01 4.68818085e+02 0. 0.
    0. 1.</data></pose_timestamp_-1914921546>
<pose_timestamp_-1914921543 type_id="opencv-matrix">
  <rows>4</rows>
  <cols>4</cols>
  <dt>f</dt>
  <data>
    -9.83580887e-01 1.76480919e-01 -3.77241559e-02 9.15219650e+01
    -1.59814328e-01 -7.54669666e-01 6.36343479e-01 2.60826843e+02
    8.38332176e-02 6.31924152e-01 7.70482838e-01 3.42702148e+02 0. 0. 0.
    1.</data></pose_timestamp_-1914921543>
<pose_timestamp_-1914921540 type_id="opencv-matrix">
  <rows>4</rows>
  <cols>4</cols>
  <dt>f</dt>
  <data>
    -6.12153292e-01 7.79588401e-01 -1.32326320e-01 8.23152542e-01
    -7.60313988e-01 -6.26273036e-01 -1.72350615e-01 2.71519440e+02
    -2.17234954e-01 -4.89544170e-03 9.76107061e-01 4.92286438e+02 0. 0.
    0. 1.</data></pose_timestamp_-1914921540>
<pose_timestamp_-1914921537 type_id="opencv-matrix">
  <rows>4</rows>
  <cols>4</cols>
  <dt>f</dt>
  <data>
    -8.48415554e-01 -5.28717577e-01 2.54699104e-02 1.27653313e+02
    5.23077607e-01 -8.44796121e-01 -1.12735830e-01 1.47791672e+02
    8.11222941e-02 -8.23240951e-02 9.93298531e-01 4.26723633e+02 0. 0.
    0. 1.</data></pose_timestamp_-1914921537>
<pose_timestamp_-1914921533 type_id="opencv-matrix">
  <rows>4</rows>
  <cols>4</cols>
  <dt>f</dt>
  <data>
    -7.25339174e-01 3.64353448e-01 -5.84063053e-01 4.82185631e+01
    -1.16554663e-01 -9.01197433e-01 -4.17442501e-01 1.80320328e+02
    -6.78452730e-01 -2.34712124e-01 6.96140885e-01 5.24804504e+02 0. 0.
    0. 1.</data></pose_timestamp_-1914921533>
<pose_timestamp_-1914921917 type_id="opencv-matrix">
  <rows>4</rows>
  <cols>4</cols>
  <dt>f</dt>
  <data>
    -5.67723691e-01 1.47141844e-01 8.09962392e-01 5.83573059e+02
    -1.88005194e-01 -9.81069088e-01 4.64482307e-02 3.34025391e+02
    8.01463544e-01 -1.25907362e-01 5.84639609e-01 7.82024689e+01 0. 0.
    0. 1.</data></pose_timestamp_-1914921917>
<pose_timestamp_-1914921874 type_id="opencv-matrix">
  <rows>4</rows>
  <cols>4</cols>
  <dt>f</dt>
  <data>
    -6.02099538e-01 3.22932787e-02 7.97767699e-01 4.83800049e+02
    -1.57163098e-01 -9.84426498e-01 -7.87666216e-02 2.40968246e+02
    7.82800078e-01 -1.72804996e-01 5.97798049e-01 2.01798038e+01 0. 0.
    0. 1.</data></pose_timestamp_-1914921874>
<pose_timestamp_-1914921871 type_id="opencv-matrix">
  <rows>4</rows>
  <cols>4</cols>
  <dt>f</dt>
  <data>
    -6.42616034e-01 -9.07437354e-02 7.60795772e-01 5.03396210e+02
    -2.04037458e-01 -9.36837792e-01 -2.84083992e-01 1.67245880e+02
    7.38521039e-01 -3.37787777e-01 5.83511889e-01 7.88502693e+00 0. 0.
    0. 1.</data></pose_timestamp_-1914921871>
<pose_timestamp_-1914921865 type_id="opencv-matrix">
  <rows>4</rows>
  <cols>4</cols>
  <dt>f</dt>
  <data>
    1.39028803e-02 3.94392572e-02 9.99125242e-01 5.57708496e+02
    -1.19933814e-01 -9.91942167e-01 4.08245996e-02 1.08245499e+02
    9.92684543e-01 -1.20396480e-01 -9.06075258e-03 4.89839478e+01 0. 0.
    0. 1.</data></pose_timestamp_-1914921865>
<pose_timestamp_-1914921862 type_id="opencv-matrix">
  <rows>4</rows>
  <cols>4</cols>
  <dt>f</dt>
  <data>
    -2.97550149e-02 -6.75625494e-03 9.99534369e-01 5.49725586e+02
    -2.38416150e-01 -9.71067011e-01 -1.36612132e-02 3.05473114e+02
    9.70707178e-01 -2.38711640e-01 2.72833128e-02 5.84976768e+01 0. 0.
    0. 1.</data></pose_timestamp_-1914921862>
<pose_timestamp_-1914921859 type_id="opencv-matrix">
  <rows>4</rows>
  <cols>4</cols>
  <dt>f</dt>
  <data>
    -9.10603225e-01 -7.72709819e-03 4.13209409e-01 5.85603821e+02
    -6.83304518e-02 -9.83249903e-01 -1.68969050e-01 2.81299683e+02
    4.07593757e-01 -1.82098553e-01 8.94822598e-01 9.45032806e+01 0. 0.
    0. 1.</data></pose_timestamp_-1914921859>
<pose_timestamp_-1914921856 type_id="opencv-matrix">
  <rows>4</rows>
  <cols>4</cols>
  <dt>f</dt>
  <data>
    -9.07351255e-01 -2.18774099e-02 4.19803619e-01 5.66744629e+02
    -3.42136435e-02 -9.91488516e-01 -1.25618234e-01 1.99637970e+02
    4.18978691e-01 -1.28342882e-01 8.98879826e-01 8.47350540e+01 0. 0.
    0. 1.</data></pose_timestamp_-1914921856>
<pose_timestamp_-1914921853 type_id="opencv-matrix">
  <rows>4</rows>
  <cols>4</cols>
  <dt>f</dt>
  <data>
    -8.97887528e-01 -1.45196514e-02 4.39985424e-01 5.57047485e+02
    -4.77603935e-02 -9.90343690e-01 -1.30147278e-01 1.33232666e+02
    4.37626481e-01 -1.37871489e-01 8.88523757e-01 4.36523933e+01 0. 0.
    0. 1.</data></pose_timestamp_-1914921853>
<pose_timestamp_-1914921850 type_id="opencv-matrix">
  <rows>4</rows>
  <cols>4</cols>
  <dt>f</dt>
  <data>
    -5.47224343e-01 2.34861359e-01 8.03358972e-01 5.62978333e+02
    -7.27528811e-01 -6.08025730e-01 -3.17815244e-01 2.88366669e+02
    4.13820416e-01 -7.58383036e-01 5.03594875e-01 2.05042816e+02 0. 0.
    0. 1.</data></pose_timestamp_-1914921850>
<pose_timestamp_-1914921846 type_id="opencv-matrix">
  <rows>4</rows>
  <cols>4</cols>
  <dt>f</dt>
  <data>
    -3.35136861e-01 -2.79513568e-01 8.99752975e-01 5.76393738e+02
    6.58222377e-01 -7.52738297e-01 1.13298045e-02 1.55626099e+02
    6.74111664e-01 5.96034646e-01 4.36252415e-01 3.21377802e+00 0. 0. 0.
    1.</data></pose_timestamp_-1914921846>
<pose_timestamp_-1914921843 type_id="opencv-matrix">
  <rows>4</rows>
  <cols>4</cols>
  <dt>f</dt>
  <data>
    -5.04538774e-01 -2.07786724e-01 8.38012695e-01 5.94902222e+02
    5.83131492e-01 -7.97788084e-01 1.53270543e-01 9.76206131e+01
    6.36708975e-01 5.66002548e-01 5.23681998e-01 -1.48492060e+01 0. 0.
    0. 1.</data></pose_timestamp_-1914921843>
<pose_timestamp_-1914921837 type_id="opencv-matrix">
  <rows>4</rows>
  <cols>4</cols>
  <dt>f</dt>
  <data>
    -7.06978679e-01 3.38348150e-02 7.06425071e-01 3.94542145e+02
    -8.34720880e-02 -9.95865405e-01 -3.58396992e-02 1.34811035e+02
    7.02291667e-01 -8.43046755e-02 7.06879854e-01 -6.36707916e+01 0. 0.
    0. 1.</data></pose_timestamp_-1914921837>
<pose_timestamp_-1914921835 type_id="opencv-matrix">
  <rows>4</rows>
  <cols>4</cols>
  <dt>f</dt>
  <data>
    -7.06414580e-01 -3.49441729e-03 7.07789719e-01 4.14810272e+02
    -1.06076777e-01 -9.88171160e-01 -1.10749371e-01 2.18093109e+02
    6.99804425e-01 -1.53315023e-01 6.97687805e-01 -3.05120792e+01 0. 0.
    0. 1.</data></pose_timestamp_-1914921835>
<pose_timestamp_-1914921834 type_id="opencv-matrix">
  <rows>4</rows>
  <cols>4</cols>
  <dt>f</dt>
  <data>
    -7.01779544e-01 -3.17936577e-03 7.12387145e-01 4.12651093e+02
    -9.85205248e-02 -9.89948094e-01 -1.01471640e-01 2.17690338e+02
    7.05548882e-01 -1.41395465e-01 6.94412053e-01 -3.18510685e+01 0. 0.
    0. 1.</data></pose_timestamp_-1914921834>
<pose_timestamp_-1914921821 type_id="opencv-matrix">
  <rows>4</rows>
  <cols>4</cols>
  <dt>f</dt>
  <data>
    -8.64293933e-01 3.87710594e-02 5.01490533e-01 4.20594482e+02
    -3.15826833e-02 -9.99240577e-01 2.28217468e-02 1.19832275e+02
    5.01994491e-01 3.88627942e-03 8.64862084e-01 1.48221085e+02 0. 0. 0.
    1.</data></pose_timestamp_-1914921821>
<pose_timestamp_-1914921818 type_id="opencv-matrix">
  <rows>4</rows>
  <cols>4</cols>
  <dt>f</dt>
  <data>
    -8.82130384e-01 3.86019447e-03 4.70989466e-01 4.11897278e+02
    -4.74273376e-02 -9.95612025e-01 -8.06681365e-02 2.60228027e+02
    4.68611389e-01 -9.34975892e-02 8.78442705e-01 2.03505524e+02 0. 0.
    0. 1.</data></pose_timestamp_-1914921818>
<pose_timestamp_-1914921774 type_id="opencv-matrix">
  <rows>4</rows>
  <cols>4</cols>
  <dt>f</dt>
  <data>
    -6.31365240e-01 6.85850680e-01 3.61920923e-01 3.38120605e+02
    -7.63966441e-01 -6.30236030e-01 -1.38411701e-01 3.01432526e+02
    1.33165836e-01 -3.63883793e-01 9.21876073e-01 3.23903076e+02 0. 0.
    0. 1.</data></pose_timestamp_-1914921774>
<pose_timestamp_-1914921770 type_id="opencv-matrix">
  <rows>4</rows>
  <cols>4</cols>
  <dt>f</dt>
  <data>
    -8.45564187e-01 -3.23057860e-01 4.25035030e-01 4.86524597e+02
    3.38637233e-01 -9.40031648e-01 -4.08086143e-02 1.86052353e+02
    4.12729919e-01 1.09426379e-01 9.04256523e-01 2.47465759e+02 0. 0. 0.
    1.</data></pose_timestamp_-1914921770>
<pose_timestamp_-1914921764 type_id="opencv-matrix">
  <rows>4</rows>
  <cols>4</cols>
  <dt>f</dt>
  <data>
    -7.15245232e-02 1.43324509e-01 9.87087786e-01 3.18951416e+02
    -8.22801217e-02 -9.87097323e-01 1.37363866e-01 2.30637344e+02
    9.94039357e-01 -7.13928193e-02 8.23944211e-02 1.31342560e+02 0. 0.
    0. 1.</data></pose_timestamp_-1914921764>
<pose_timestamp_-1914921760 type_id="opencv-matrix">
  <rows>4</rows>
  <cols>4</cols>
  <dt>f</dt>
  <data>
    -9.80595529e-01 4.07220908e-02 -1.91765800e-01 4.06130585e+02
    -1.47379108e-03 -9.79691684e-01 -2.00504467e-01 1.98649124e+02
    -1.96036324e-01 -1.96331158e-01 9.60741282e-01 3.29006744e+02 0. 0.
    0. 1.</data></pose_timestamp_-1914921760>
<pose_timestamp_-1914921759 type_id="opencv-matrix">
  <rows>4</rows>
  <cols>4</cols>
  <dt>f</dt>
  <data>
    -9.81879830e-01 4.89192419e-02 -1.83081701e-01 4.04701782e+02
    -8.91048368e-03 -9.76956129e-01 -2.13254124e-01 2.00809753e+02
    -1.89295024e-01 -2.07758576e-01 9.59689438e-01 3.27747620e+02 0. 0.
    0. 1.</data></pose_timestamp_-1914921759>
<pose_timestamp_-1914921755 type_id="opencv-matrix">
  <rows>4</rows>
  <cols>4</cols>
  <dt>f</dt>
  <data>
    -7.23701537e-01 5.43265641e-01 4.25580293e-01 4.02247406e+02
    -6.66373849e-01 -7.10464418e-01 -2.26243719e-01 2.52918701e+02
    1.79449216e-01 -4.47328508e-01 8.76182139e-01 3.70435944e+02 0. 0.
    0. 1.</data></pose_timestamp_-1914921755>
<pose_timestamp_-1914921751 type_id="opencv-matrix">
  <rows>4</rows>
  <cols>4</cols>
  <dt>f</dt>
  <data>
    -7.93034434e-01 -4.43711609e-01 4.17392433e-01 4.74845032e+02
    4.93123382e-01 -8.69873881e-01 1.21963490e-02 1.53731750e+02
    3.57667118e-01 2.15498090e-01 9.08644497e-01 2.11439667e+02 0. 0. 0.
    1.</data></pose_timestamp_-1914921751>
<pose_timestamp_-1914921743 type_id="opencv-matrix">
  <rows>4</rows>
  <cols>4</cols>
  <dt>f</dt>
  <data>
    -9.61579382e-01 -5.95396757e-02 2.67992854e-01 4.56802765e+02
    -2.24552806e-02 -9.55868483e-01 -2.92935580e-01 1.07882416e+02
    2.73607194e-01 -2.87698656e-01 9.17806387e-01 2.69148682e+02 0. 0.
    0. 1.</data></pose_timestamp_-1914921743>
<pose_timestamp_-1914921739 type_id="opencv-matrix">
  <rows>4</rows>
  <cols>4</cols>
  <dt>f</dt>
  <data>
    -9.12583888e-01 1.13179646e-01 3.92913461e-01 4.28430389e+02
    -7.33017623e-02 -9.90644932e-01 1.15106352e-01 2.76254852e+02
    4.02265429e-01 7.62429535e-02 9.12342906e-01 2.27687561e+02 0. 0. 0.
    1.</data></pose_timestamp_-1914921739>
<pose_timestamp_-1914921734 type_id="opencv-matrix">
  <rows>4</rows>
  <cols>4</cols>
  <dt>f</dt>
  <data>
    -9.94722188e-01 3.83165479e-02 9.51820016e-02 4.33175049e+02
    -5.05313650e-02 -9.90299642e-01 -1.29434183e-01 1.43326355e+02
    8.92992318e-02 -1.33560732e-01 9.87009227e-01 2.52626221e+02 0. 0.
    0. 1.</data></pose_timestamp_-1914921734>
<pose_timestamp_-1914921727 type_id="opencv-matrix">
  <rows>4</rows>
  <cols>4</cols>
  <dt>f</dt>
  <data>
    -1.86306983e-01 1.81339398e-01 9.65611577e-01 3.41220978e+02
    -1.35034949e-01 -9.78218317e-01 1.57653019e-01 1.51934875e+02
    9.73167658e-01 -1.01019450e-01 2.06736058e-01 1.26735504e+02 0. 0.
    0. 1.</data></pose_timestamp_-1914921727>
<pose_timestamp_-1914921723 type_id="opencv-matrix">
  <rows>4</rows>
  <cols>4</cols>
  <dt>f</dt>
  <data>
    -2.72997767e-01 1.42988816e-01 9.51328754e-01 3.56264923e+02
    -1.77957088e-01 -9.79331493e-01 9.61303487e-02 2.81565430e+02
    9.45411801e-01 -1.43052325e-01 2.92801201e-01 1.48526611e+02 0. 0.
    0. 1.</data></pose_timestamp_-1914921723>
<pose_timestamp_-1914922056 type_id="opencv-matrix">
  <rows>4</rows>
  <cols>4</cols>
  <dt>f</dt>
  <data>
    1.12648807e-01 1.94640175e-01 9.74384665e-01 5.05292908e+02
    1.53245255e-02 -9.80850160e-01 1.94160029e-01 1.47092377e+02
    9.93516684e-01 -6.93991361e-03 -1.13474369e-01 -3.93080780e+02 0. 0.
    0. 1.</data></pose_timestamp_-1914922056>
<pose_timestamp_-1914922054 type_id="opencv-matrix">
  <rows>4</rows>
  <cols>4</cols>
  <dt>f</dt>
  <data>
    6.45354539e-02 1.05305359e-01 9.92343664e-01 4.94048126e+02
    -2.15172898e-02 -9.94038582e-01 1.06884561e-01 2.70419250e+02
    9.97683406e-01 -2.82503888e-02 -6.18848465e-02 -3.46034546e+02 0. 0.
    0. 1.</data></pose_timestamp_-1914922054>
<pose_timestamp_-1914922048 type_id="opencv-matrix">
  <rows>4</rows>
  <cols>4</cols>
  <dt>f</dt>
  <data>
    1.97201043e-01 2.08115742e-01 9.58018601e-01 4.20046082e+02
    3.34068425e-02 -9.78066921e-01 2.05594406e-01 1.40247833e+02
    9.79793727e-01 -8.53905734e-03 -1.99828312e-01 -4.21615570e+02 0. 0.
    0. 1.</data></pose_timestamp_-1914922048>
<pose_timestamp_-1914922045 type_id="opencv-matrix">
  <rows>4</rows>
  <cols>4</cols>
  <dt>f</dt>
  <data>
    3.02483551e-02 1.01031356e-01 9.94423330e-01 4.53602509e+02
    -2.89397920e-03 -9.94865537e-01 1.01164311e-01 1.62754929e+02
    9.99538243e-01 -5.93789434e-03 -2.98006628e-02 -3.20642090e+02 0. 0.
    0. 1.</data></pose_timestamp_-1914922045>
<pose_timestamp_-1914922041 type_id="opencv-matrix">
  <rows>4</rows>
  <cols>4</cols>
  <dt>f</dt>
  <data>
    -2.40870431e-01 1.29088342e-01 9.61934328e-01 5.33521057e+02
    -1.12138271e-01 -9.88179326e-01 1.04530662e-01 3.22855591e+02
    9.64057267e-01 -8.26913044e-02 2.52498925e-01 -3.22547852e+02 0. 0.
    0. 1.</data></pose_timestamp_-1914922041>
<pose_timestamp_-1914922037 type_id="opencv-matrix">
  <rows>4</rows>
  <cols>4</cols>
  <dt>f</dt>
  <data>
    6.27922416e-01 1.38918653e-01 7.65777409e-01 5.65607361e+02
    -2.98802983e-02 -9.78912175e-01 2.02084407e-01 2.77249481e+02
    7.77702153e-01 -1.49774998e-01 -6.10529959e-01 -3.26908752e+02 0. 0.
    0. 1.</data></pose_timestamp_-1914922037>
<pose_timestamp_-1914922033 type_id="opencv-matrix">
  <rows>4</rows>
  <cols>4</cols>
  <dt>f</dt>
  <data>
    -5.07489622e-01 -6.13461714e-03 8.61636043e-01 7.37130554e+02
    -5.77225424e-02 -9.97486293e-01 -4.10994738e-02 2.17732224e+02
    8.59722257e-01 -7.05933794e-02 5.05859852e-01 -3.70299225e+02 0. 0.
    0. 1.</data></pose_timestamp_-1914922033>
<pose_timestamp_-1914922027 type_id="opencv-matrix">
  <rows>4</rows>
  <cols>4</cols>
  <dt>f</dt>
  <data>
    -1.57766387e-01 4.51996446e-01 8.77957284e-01 6.54377991e+02
    -3.88355963e-02 -8.91244054e-01 4.51858193e-01 1.01416435e+02
    9.86712515e-01 3.71920429e-02 1.58161908e-01 -3.91706665e+02 0. 0.
    0. 1.</data></pose_timestamp_-1914922027>
<pose_timestamp_-1914922024 type_id="opencv-matrix">
  <rows>4</rows>
  <cols>4</cols>
  <dt>f</dt>
  <data>
    -1.08516596e-01 3.38276237e-01 9.34769154e-01 6.64041260e+02
    -8.71580243e-02 -9.39938545e-01 3.30028832e-01 3.52106689e+02
    9.90266442e-01 -4.56590243e-02 1.31482422e-01 -3.98367096e+02 0. 0.
    0. 1.</data></pose_timestamp_-1914922024>
<pose_timestamp_-1914922020 type_id="opencv-matrix">
  <rows>4</rows>
  <cols>4</cols>
  <dt>f</dt>
  <data>
    -1.65278554e-01 2.81239688e-01 9.45297420e-01 6.88930603e+02
    -8.61745000e-01 -5.07341564e-01 2.71477096e-04 3.56376831e+02
    4.79665041e-01 -8.14560473e-01 3.26209575e-01 -2.07579407e+02 0. 0.
    0. 1.</data></pose_timestamp_-1914922020>
<pose_timestamp_-1914922017 type_id="opencv-matrix">
  <rows>4</rows>
  <cols>4</cols>
  <dt>f</dt>
  <data>
    -2.24554598e-01 -1.47200331e-01 9.63279426e-01 7.16599487e+02
    8.39934766e-01 -5.30417442e-01 1.14747182e-01 1.49114136e+02
    4.94049400e-01 8.34858894e-01 2.42746353e-01 -4.08913879e+02 0. 0.
    0. 1.</data></pose_timestamp_-1914922017>
<pose_timestamp_-1914921972 type_id="opencv-matrix">
  <rows>4</rows>
  <cols>4</cols>
  <dt>f</dt>
  <data>
    5.06265350e-02 2.34580517e-01 9.70777512e-01 6.54767761e+02
    8.05114284e-02 -9.69818950e-01 2.30150178e-01 1.82508606e+02
    9.95467186e-01 6.65069818e-02 -6.79849833e-02 -4.27214691e+02 0. 0.
    0. 1.</data></pose_timestamp_-1914921972>
<pose_timestamp_-1914921966 type_id="opencv-matrix">
  <rows>4</rows>
  <cols>4</cols>
  <dt>f</dt>
  <data>
    -3.15299332e-01 1.83006436e-01 9.31179345e-01 6.77694824e+02
    -5.83663359e-02 -9.83111680e-01 1.73449814e-01 1.54010071e+02
    9.47195709e-01 3.39084800e-04 3.20655853e-01 -2.27533371e+02 0. 0.
    0. 1.</data></pose_timestamp_-1914921966>
<pose_timestamp_-1914921962 type_id="opencv-matrix">
  <rows>4</rows>
  <cols>4</cols>
  <dt>f</dt>
  <data>
    -3.96441609e-01 7.25461245e-02 9.15189087e-01 6.54012329e+02
    -7.10329488e-02 -9.96308446e-01 4.82063182e-02 3.01638977e+02
    9.15307820e-01 -4.58975881e-02 4.00131285e-01 -2.02528122e+02 0. 0.
    0. 1.</data></pose_timestamp_-1914921962>
<pose_timestamp_-1914921960 type_id="opencv-matrix">
  <rows>4</rows>
  <cols>4</cols>
  <dt>f</dt>
  <data>
    -2.68203586e-01 3.89369935e-01 8.81168485e-01 6.36526794e+02
    -7.94507742e-01 -6.06686175e-01 2.62554996e-02 2.84209625e+02
    5.44815838e-01 -6.93053365e-01 4.72072810e-01 -4.50293579e+01 0. 0.
    0. 1.</data></pose_timestamp_-1914921960>
<pose_timestamp_-1914921956 type_id="opencv-matrix">
  <rows>4</rows>
  <cols>4</cols>
  <dt>f</dt>
  <data>
    -5.03748000e-01 -8.68818909e-02 8.59470487e-01 7.10205261e+02
    5.20918310e-01 -8.24233651e-01 2.21997827e-01 1.65887253e+02
    6.89116895e-01 5.59544861e-01 4.60464418e-01 -1.94778595e+02 0. 0.
    0. 1.</data></pose_timestamp_-1914921956>
<pose_timestamp_-1914921950 type_id="opencv-matrix">
  <rows>4</rows>
  <cols>4</cols>
  <dt>f</dt>
  <data>
    3.61008316e-01 2.94516206e-01 8.84835124e-01 5.20791565e+02
    4.12977114e-02 -9.52939212e-01 3.00335318e-01 1.85553360e+02
    9.31647718e-01 -7.18818754e-02 -3.56181830e-01 -2.07575241e+02 0. 0.
    0. 1.</data></pose_timestamp_-1914921950>
<pose_timestamp_-1914921946 type_id="opencv-matrix">
  <rows>4</rows>
  <cols>4</cols>
  <dt>f</dt>
  <data>
    -7.90978134e-01 -1.14110269e-01 6.01109326e-01 6.27437866e+02
    3.20738666e-02 -9.88836944e-01 -1.45508841e-01 2.14722809e+02
    6.11003160e-01 -9.58144069e-02 7.85808325e-01 -9.60651169e+01 0. 0.
    0. 1.</data></pose_timestamp_-1914921946>
